network unknown {
}
variable Educacion_Madre {
    type discrete [ 12 ] { EPC, EPI, N, NAP, NS, P, PC, PI, SBC, SBI, TC, TI };
}
variable Educacion_Padre {
    type discrete [ 12 ] { EPC, EPI, N, NAP, NS, P, PC, PI, SBC, SBI, TC, TI };
}
variable Personas_hogar {
    type discrete [ 3 ] { Alto, Medio, Poco };
}
variable Puntaje_obtenido {
    type discrete [ 2 ] { Aceptado, Rechazado };
}
variable cole_area_ubicacion {
    type discrete [ 2 ] { RURAL, URBANO };
}
variable cole_naturaleza {
    type discrete [ 2 ] { 0, 1 };
}
variable estu_genero {
    type discrete [ 2 ] { 0, 1 };
}
variable fami_estratovivienda {
    type discrete [ 7 ] { 0, 1, 2, 3, 4, 5, 6 };
}
probability ( Educacion_Madre ) {
    table 0.13181195866670908, 0.04621333624114217, 0.03004773652828829, 0.003673001752257717, 0.03480473003569639, 0.03290102394247386, 0.0941740081267199, 0.11284759295522734, 0.21298980298080697, 0.13532404651888336, 0.11332011189006061, 0.05189265036173445 ;
}
probability ( Educacion_Padre ) {
    table 0.10329725833003935, 0.03453212295790796, 0.046626790309121285, 0.021637808178515235, 0.09206130327385957, 0.025190787092357766, 0.09635486474902734, 0.140421798873527, 0.18745106324332758, 0.13922232773125792, 0.07748591151477154, 0.03571796374628763 ;
}
probability ( Personas_hogar | Educacion_Madre, Educacion_Padre ) {
    ( EPC, EPC ) 0.10306637646396895, 0.2959209870914554, 0.6010126364445755;
    ( EPC, EPI ) 0.06320200720124013, 0.2665970882797297, 0.6702009045190302;
    ( EPC, N ) 0.1038111769779146, 0.25944606382165747, 0.6367427592004279;
    ( EPC, NAP ) 0.054561453849832624, 0.2495915829746533, 0.6958469631755142;
    ( EPC, NS ) 0.07504171839925416, 0.24578983143373928, 0.6791684501670066;
    ( EPC, P ) 0.03911680097897361, 0.24747335215734753, 0.7134098468636789;
    ( EPC, PC ) 0.08626738082137078, 0.2748265110199457, 0.6389061081586834;
    ( EPC, PI ) 0.07218048741551719, 0.262231330248237, 0.6655881823362457;
    ( EPC, SBC ) 0.10700895557702908, 0.27909800023383674, 0.613893044189134;
    ( EPC, SBI ) 0.0858337379711247, 0.27377065044347443, 0.6403956115854009;
    ( EPC, TC ) 0.08367226773756715, 0.2735222032175239, 0.642805529044909;
    ( EPC, TI ) 0.067143529761035, 0.2665353901533338, 0.6663210800856312;
    ( EPI, EPC ) 0.0695699020217269, 0.26240535180416186, 0.6680247461741113;
    ( EPI, EPI ) 0.0763415542784107, 0.29771071049403713, 0.6259477352275522;
    ( EPI, N ) 0.09899051542197472, 0.3077020876242785, 0.5933073969537468;
    ( EPI, NAP ) 0.0843894209990659, 0.19882331618497917, 0.716787262815955;
    ( EPI, NS ) 0.09080210275393516, 0.24773407548178106, 0.6614638217642839;
    ( EPI, P ) 0.05382818050641997, 0.2911438763028558, 0.6550279431907242;
    ( EPI, PC ) 0.09853179949562994, 0.27463294987390746, 0.6268352506304625;
    ( EPI, PI ) 0.099800669789674, 0.2950137321945905, 0.6051855980157356;
    ( EPI, SBC ) 0.0903596124809795, 0.3000005875060954, 0.6096398000129252;
    ( EPI, SBI ) 0.09249360548222581, 0.2928722590543473, 0.6146341354634269;
    ( EPI, TC ) 0.09190551670978205, 0.2588958346199328, 0.6491986486702851;
    ( EPI, TI ) 0.09092648120782582, 0.28512742524019263, 0.6239460935519816;
    ( N, EPC ) 0.19410200628474739, 0.2686902172036327, 0.5372077765116199;
    ( N, EPI ) 0.27032939558722424, 0.3243327707981749, 0.4053378336146009;
    ( N, N ) 0.23652820407530326, 0.28405752655894945, 0.47941426936574727;
    ( N, NAP ) 0.200071187043958, 0.23082399003381382, 0.5691048229222281;
    ( N, NS ) 0.14769426712020253, 0.3020207197552149, 0.5502850131245826;
    ( N, P ) 0.1433283852878113, 0.28583209632195283, 0.5708395183902358;
    ( N, PC ) 0.18496105300202084, 0.3040768273525112, 0.5109621196454681;
    ( N, PI ) 0.235362275772991, 0.2911044292124961, 0.4735332950145129;
    ( N, SBC ) 0.2147323478318494, 0.3026606646691565, 0.48260698749899417;
    ( N, SBI ) 0.2010299725156645, 0.33219768216751644, 0.4667723453168191;
    ( N, TC ) 0.25761559224594244, 0.2879026886808988, 0.4544817190731588;
    ( N, TI ) 0.1887739513770678, 0.24534066605560648, 0.5658853825673257;
    ( NAP, EPC ) 0.10016192458940551, 0.28003701133472125, 0.6198010640758732;
    ( NAP, EPI ) 0.0006080505898090721, 0.15821476346832056, 0.8411771859418703;
    ( NAP, N ) 0.2143840519852415, 0.2619637645244782, 0.5236521834902803;
    ( NAP, NAP ) 0.20704837849322377, 0.2812570632961747, 0.5116945582106015;
    ( NAP, NS ) 0.17815600139456753, 0.3287692941586637, 0.4930747044467687;
    ( NAP, P ) 0.21756607376143103, 0.2609787961008944, 0.5214551301376746;
    ( NAP, PC ) 0.1396912484535528, 0.23263944919584748, 0.6276693023505997;
    ( NAP, PI ) 0.14111120999080418, 0.20518525110498054, 0.6537035389042152;
    ( NAP, SBC ) 0.13691389599317988, 0.23161612471075382, 0.6314699792960662;
    ( NAP, SBI ) 0.10358581628175981, 0.310358581628176, 0.5860556020900642;
    ( NAP, TC ) 0.019073807341451705, 0.16991837981755487, 0.8110078128409933;
    ( NAP, TI ) 0.1115389552047234, 0.5551277114619433, 0.33333333333333337;
    ( NS, EPC ) 0.09136770242154432, 0.26754043144495926, 0.6410918661334966;
    ( NS, EPI ) 0.11388308780643826, 0.21141653026283605, 0.6747003819307257;
    ( NS, N ) 0.14712221239138817, 0.3235327480205994, 0.5293450395880124;
    ( NS, NAP ) 0.1270409756276746, 0.3253990118831157, 0.5475600124892097;
    ( NS, NS ) 0.1261585956082031, 0.2903072318465312, 0.5835341725452655;
    ( NS, P ) 0.04505628786106128, 0.23599303226477392, 0.7189506798741647;
    ( NS, PC ) 0.1546711523090321, 0.3041289383582072, 0.5411999093327607;
    ( NS, PI ) 0.14617050951066798, 0.28461972165346155, 0.5692097688358705;
    ( NS, SBC ) 0.11662283247695421, 0.2807036402682127, 0.602673527254833;
    ( NS, SBI ) 0.11526165236412587, 0.3049662854023795, 0.5797720622334946;
    ( NS, TC ) 0.09274289349243939, 0.29139555024180136, 0.6158615562657592;
    ( NS, TI ) 0.06109088856909055, 0.2683202121956037, 0.6705888992353057;
    ( P, EPC ) 0.03821491908245157, 0.2213464350684898, 0.7404386458490587;
    ( P, EPI ) 0.0484612290384907, 0.20514088640065414, 0.7463978845608551;
    ( P, N ) 0.1283875941410188, 0.35895155073237267, 0.5126608551266085;
    ( P, NAP ) 0.08338499262994035, 0.18455455910512322, 0.7320604482649364;
    ( P, NS ) 0.06938182077663756, 0.18883433010886486, 0.7417838491144977;
    ( P, P ) 0.047768091819268256, 0.22753090477439689, 0.7247010034063349;
    ( P, PC ) 0.10299998298364728, 0.24267020606803139, 0.6543298109483213;
    ( P, PI ) 0.09820959520665615, 0.23928383808266246, 0.6625065667106813;
    ( P, SBC ) 0.05562807846893402, 0.22136138811430986, 0.7230105334167561;
    ( P, SBI ) 0.06653938731414905, 0.22173808167433937, 0.7117225310115116;
    ( P, TC ) 0.03443666989745564, 0.21606897070603806, 0.7494943593965064;
    ( P, TI ) 0.07607562900104213, 0.22809154519739602, 0.6958328258015618;
    ( PC, EPC ) 0.09631661665952279, 0.3160508644092013, 0.5876325189312759;
    ( PC, EPI ) 0.16560148359311538, 0.2980213649669717, 0.5363771514399129;
    ( PC, N ) 0.17555288282748024, 0.2938882207068701, 0.5305588964656497;
    ( PC, NAP ) 0.08204645185785527, 0.23975788374623064, 0.678195664395914;
    ( PC, NS ) 0.13915880913654197, 0.28003617164727046, 0.5808050192161875;
    ( PC, P ) 0.0859596960687149, 0.34284770399735714, 0.5711925999339279;
    ( PC, PC ) 0.1865734882062895, 0.30890351940959604, 0.5045229923841144;
    ( PC, PI ) 0.18089123992001702, 0.31604748881235906, 0.5030612712676238;
    ( PC, SBC ) 0.15106516304535475, 0.32180272940913734, 0.5271321075455079;
    ( PC, SBI ) 0.15753400201622858, 0.336068232700432, 0.5063977652833394;
    ( PC, TC ) 0.10495458810193983, 0.30658627308100794, 0.5884591388170523;
    ( PC, TI ) 0.12952185894714058, 0.29137214743029366, 0.5791059936225658;
    ( PI, EPC ) 0.1550211557562472, 0.2759962020276272, 0.5689826422161257;
    ( PI, EPI ) 0.13444573021264947, 0.2742045864596165, 0.591349683327734;
    ( PI, N ) 0.21490885810100097, 0.27809380175531245, 0.5069973401436866;
    ( PI, NAP ) 0.1225543079128237, 0.27790355502205744, 0.5995421370651188;
    ( PI, NS ) 0.14049490538573509, 0.2963198068661909, 0.563185287748074;
    ( PI, P ) 0.1167919799498747, 0.3000192789666474, 0.583188741083478;
    ( PI, PC ) 0.17736892859299913, 0.32395201575496735, 0.4986790556520334;
    ( PI, PI ) 0.24431653797396038, 0.2813054313257598, 0.47437803070027973;
    ( PI, SBC ) 0.16290912202610808, 0.31704278372308387, 0.5200480942508081;
    ( PI, SBI ) 0.18092067833219205, 0.3260617371977827, 0.49301758447002514;
    ( PI, TC ) 0.11304147322398558, 0.3026840310572502, 0.5842744957187643;
    ( PI, TI ) 0.12859681752428187, 0.30000413308534823, 0.5713990493903699;
    ( SBC, EPC ) 0.09196838814145444, 0.3089325706259792, 0.5990990412325664;
    ( SBC, EPI ) 0.09301179438730213, 0.3089937318409315, 0.5979944737717664;
    ( SBC, N ) 0.13515828059946752, 0.2935163020722237, 0.5713254173283088;
    ( SBC, NAP ) 0.12656717683633134, 0.25812040929214203, 0.6153124138715267;
    ( SBC, NS ) 0.14057279494688565, 0.27621909973734887, 0.5832081053157655;
    ( SBC, P ) 0.05975552926838011, 0.25000640109791633, 0.6902380696337036;
    ( SBC, PC ) 0.14016431788630104, 0.3219032140761125, 0.5379324680375863;
    ( SBC, PI ) 0.1505237539294147, 0.3095820252087454, 0.5398942208618398;
    ( SBC, SBC ) 0.20791136010956948, 0.29072941733025454, 0.501359222560176;
    ( SBC, SBI ) 0.1772494737769631, 0.3092299877897884, 0.5135205384332485;
    ( SBC, TC ) 0.1065502224048173, 0.3087308599231904, 0.5847189176719922;
    ( SBC, TI ) 0.09462950074329254, 0.32194870957415234, 0.5834217896825552;
    ( SBI, EPC ) 0.11491272053498099, 0.2981375947781486, 0.5869496846868704;
    ( SBI, EPI ) 0.12405966879138453, 0.2938957430549114, 0.5820445881537042;
    ( SBI, N ) 0.17721947833857998, 0.30854498473619346, 0.5142355369252265;
    ( SBI, NAP ) 0.09920021076798587, 0.3024407685504056, 0.5983590206816086;
    ( SBI, NS ) 0.13945722469005106, 0.3040281583113033, 0.5565146169986457;
    ( SBI, P ) 0.07819421091645423, 0.312505649870731, 0.6093001392128148;
    ( SBI, PC ) 0.15658229647143942, 0.33401879441811627, 0.5093989091104442;
    ( SBI, PI ) 0.17639024113366095, 0.32370977539080825, 0.49989998347553066;
    ( SBI, SBC ) 0.16946502253598675, 0.3151056908327474, 0.5154292866312657;
    ( SBI, SBI ) 0.20931842291727118, 0.3065012590667795, 0.4841803180159493;
    ( SBI, TC ) 0.105342637881736, 0.32794956947770015, 0.5667077926405638;
    ( SBI, TI ) 0.11232432195400031, 0.3531790404776, 0.5344966375683997;
    ( TC, EPC ) 0.08449663886196301, 0.28536108502106666, 0.6301422761169704;
    ( TC, EPI ) 0.06123367143335966, 0.298349091089051, 0.6404172374775893;
    ( TC, N ) 0.10323127990972514, 0.24912072615252828, 0.6476479939377466;
    ( TC, NAP ) 0.09623407665477512, 0.21478370499405425, 0.6889822183511707;
    ( TC, NS ) 0.09449586560666164, 0.25736117660119123, 0.6481429577921471;
    ( TC, P ) 0.03962415492150796, 0.24753065199954166, 0.7128451930789503;
    ( TC, PC ) 0.07681175652779927, 0.29493189967981026, 0.6282563437923905;
    ( TC, PI ) 0.09394924275471961, 0.2852301472832573, 0.6208206099620232;
    ( TC, SBC ) 0.12919934571032818, 0.2959307188269246, 0.5748699354627471;
    ( TC, SBI ) 0.1031448062353794, 0.28039680262089584, 0.6164583911437248;
    ( TC, TC ) 0.11002859739187555, 0.3068301682061011, 0.5831412344020233;
    ( TC, TI ) 0.08715893893465645, 0.2614594257113392, 0.6513816353540044;
    ( TI, EPC ) 0.0713667949062062, 0.3012895070692333, 0.6273436980245605;
    ( TI, EPI ) 0.0872843003990545, 0.2688732032994328, 0.6438424963015127;
    ( TI, N ) 0.13718177610262514, 0.32571579713019905, 0.5371024267671758;
    ( TI, NAP ) 0.08337587783488194, 0.2892231941277243, 0.6274009280373938;
    ( TI, NS ) 0.10938512497325124, 0.2630240121040053, 0.6275908629227436;
    ( TI, P ) 0.036840403627886396, 0.31618084979665456, 0.646978746575459;
    ( TI, PC ) 0.0828985507246377, 0.32612657699927017, 0.5909748722760922;
    ( TI, PI ) 0.10953306052714974, 0.3297620523842985, 0.5607048870885518;
    ( TI, SBC ) 0.12240703964649978, 0.30054686281206383, 0.5770460975414364;
    ( TI, SBI ) 0.09785269172287478, 0.3124597030520739, 0.5896876052250514;
    ( TI, TC ) 0.09058837429504749, 0.32494629131325437, 0.5844653343916981;
    ( TI, TI ) 0.09994399987586874, 0.2839742314794048, 0.6160817686447264;

}
probability ( Puntaje_obtenido | Educacion_Madre, Educacion_Padre, cole_naturaleza, estu_genero, fami_estratovivienda ) {
    ( EPC, EPC, 0, 0, 0 ) 0.48979617660307834, 0.5102038233969216;
    ( EPC, EPC, 0, 0, 1 ) 0.48993296969071515, 0.5100670303092849;
    ( EPC, EPC, 0, 0, 2 ) 0.5541399848452696, 0.44586001515473045;
    ( EPC, EPC, 0, 0, 3 ) 0.6015746047865017, 0.3984253952134983;
    ( EPC, EPC, 0, 0, 4 ) 0.6379644401431402, 0.36203555985685976;
    ( EPC, EPC, 0, 0, 5 ) 0.6590157469109952, 0.3409842530890049;
    ( EPC, EPC, 0, 0, 6 ) 0.6408438404398575, 0.3591561595601424;
    ( EPC, EPC, 0, 1, 0 ) 0.3437560548403847, 0.6562439451596153;
    ( EPC, EPC, 0, 1, 1 ) 0.5224717535575399, 0.47752824644246;
    ( EPC, EPC, 0, 1, 2 ) 0.5558034169627993, 0.4441965830372006;
    ( EPC, EPC, 0, 1, 3 ) 0.5932771165192816, 0.4067228834807184;
    ( EPC, EPC, 0, 1, 4 ) 0.6632012424480392, 0.33679875755196076;
    ( EPC, EPC, 0, 1, 5 ) 0.6666658925882613, 0.33333410741173886;
    ( EPC, EPC, 0, 1, 6 ) 0.6842088087703562, 0.3157911912296437;
    ( EPC, EPC, 1, 0, 0 ) 0.16667071916434256, 0.8333292808356574;
    ( EPC, EPC, 1, 0, 1 ) 0.39386823493351847, 0.6061317650664815;
    ( EPC, EPC, 1, 0, 2 ) 0.40625021370804315, 0.5937497862919568;
    ( EPC, EPC, 1, 0, 3 ) 0.4277675226529168, 0.5722324773470833;
    ( EPC, EPC, 1, 0, 4 ) 0.3904387883051707, 0.6095612116948294;
    ( EPC, EPC, 1, 0, 5 ) 0.20000437668684806, 0.7999956233131519;
    ( EPC, EPC, 1, 0, 6 ) 0.09093214893641004, 0.9090678510635899;
    ( EPC, EPC, 1, 1, 0 ) 0.11712139459331436, 0.8828786054066856;
    ( EPC, EPC, 1, 1, 1 ) 0.33182891319524727, 0.6681710868047527;
    ( EPC, EPC, 1, 1, 2 ) 0.4038802807691012, 0.5961197192308988;
    ( EPC, EPC, 1, 1, 3 ) 0.431137894998953, 0.5688621050010471;
    ( EPC, EPC, 1, 1, 4 ) 0.34222309180394733, 0.6577769081960527;
    ( EPC, EPC, 1, 1, 5 ) 0.25424245354003694, 0.7457575464599631;
    ( EPC, EPC, 1, 1, 6 ) 0.04350287359420321, 0.9564971264057968;
    ( EPC, EPI, 0, 0, 0 ) 0.6665978018345592, 0.3334021981654409;
    ( EPC, EPI, 0, 0, 1 ) 0.5277768209593751, 0.472223179040625;
    ( EPC, EPI, 0, 0, 2 ) 0.6466151743274263, 0.35338482567257357;
    ( EPC, EPI, 0, 0, 3 ) 0.6528487588363119, 0.3471512411636882;
    ( EPC, EPI, 0, 0, 4 ) 0.6972454623850665, 0.30275453761493354;
    ( EPC, EPI, 0, 0, 5 ) 0.6341422842175941, 0.3658577157824059;
    ( EPC, EPI, 0, 0, 6 ) 0.9230365693138246, 0.0769634306861754;
    ( EPC, EPI, 0, 1, 0 ) 0.5, 0.5;
    ( EPC, EPI, 0, 1, 1 ) 0.7419258062193492, 0.2580741937806507;
    ( EPC, EPI, 0, 1, 2 ) 0.6034471699767167, 0.39655283002328323;
    ( EPC, EPI, 0, 1, 3 ) 0.6571417436100935, 0.3428582563899065;
    ( EPC, EPI, 0, 1, 4 ) 0.7499972319963506, 0.25000276800364934;
    ( EPC, EPI, 0, 1, 5 ) 0.7741825803819291, 0.2258174196180708;
    ( EPC, EPI, 0, 1, 6 ) 0.8570795989939424, 0.14292040100605763;
    ( EPC, EPI, 1, 0, 0 ) 0.0625339057922718, 0.9374660942077282;
    ( EPC, EPI, 1, 0, 1 ) 0.3593777247309662, 0.6406222752690339;
    ( EPC, EPI, 1, 0, 2 ) 0.4873418715005313, 0.5126581284994687;
    ( EPC, EPI, 1, 0, 3 ) 0.5, 0.5;
    ( EPC, EPI, 1, 0, 4 ) 0.45946081815683465, 0.5405391818431654;
    ( EPC, EPI, 1, 0, 5 ) 0.14292040100605763, 0.8570795989939424;
    ( EPC, EPI, 1, 0, 6 ) 0.0006192717364379488, 0.999380728263562;
    ( EPC, EPI, 1, 1, 0 ) 6.199628022318661e-05, 0.9999380037197768;
    ( EPC, EPI, 1, 1, 1 ) 0.34653653769181086, 0.6534634623081891;
    ( EPC, EPI, 1, 1, 2 ) 0.3924059077545164, 0.6075940922454836;
    ( EPC, EPI, 1, 1, 3 ) 0.47761214748293984, 0.5223878525170602;
    ( EPC, EPI, 1, 1, 4 ) 0.6428508162018051, 0.3571491837981948;
    ( EPC, EPI, 1, 1, 5 ) 6.199628022318661e-05, 0.9999380037197768;
    ( EPC, EPI, 1, 1, 6 ) 0.00020659449632261798, 0.9997934055036775;
    ( EPC, N, 0, 0, 0 ) 0.0006192717364379488, 0.999380728263562;
    ( EPC, N, 0, 0, 1 ) 0.5, 0.5;
    ( EPC, N, 0, 0, 2 ) 4.133256179217988e-05, 0.9999586674382078;
    ( EPC, N, 0, 0, 3 ) 0.17649418664021357, 0.8235058133597865;
    ( EPC, N, 0, 0, 4 ) 0.0006192717364379488, 0.999380728263562;
    ( EPC, N, 0, 0, 5 ) 0.5, 0.5;
    ( EPC, N, 0, 0, 6 ) 0.5, 0.5;
    ( EPC, N, 0, 1, 0 ) 0.5, 0.5;
    ( EPC, N, 0, 1, 1 ) 0.2500774809396889, 0.7499225190603112;
    ( EPC, N, 0, 1, 2 ) 0.2500774809396889, 0.7499225190603112;
    ( EPC, N, 0, 1, 3 ) 0.00030982773577890697, 0.9996901722642212;
    ( EPC, N, 0, 1, 4 ) 0.00030982773577890697, 0.9996901722642212;
    ( EPC, N, 0, 1, 5 ) 0.5, 0.5;
    ( EPC, N, 0, 1, 6 ) 0.0006192717364379488, 0.999380728263562;
    ( EPC, N, 1, 0, 0 ) 0.3334021981654409, 0.6665978018345592;
    ( EPC, N, 1, 0, 1 ) 0.29167743068831176, 0.7083225693116881;
    ( EPC, N, 1, 0, 2 ) 0.205137580841065, 0.794862419158935;
    ( EPC, N, 1, 0, 3 ) 0.10528891963504886, 0.8947110803649511;
    ( EPC, N, 1, 0, 4 ) 0.00020659449632261798, 0.9997934055036775;
    ( EPC, N, 1, 0, 5 ) 0.0006192717364379488, 0.999380728263562;
    ( EPC, N, 1, 0, 6 ) 0.00030982773577890697, 0.9996901722642212;
    ( EPC, N, 1, 1, 0 ) 0.0001033185932140348, 0.999896681406786;
    ( EPC, N, 1, 1, 1 ) 0.03848355065482606, 0.9615164493451739;
    ( EPC, N, 1, 1, 2 ) 0.10528891963504886, 0.8947110803649511;
    ( EPC, N, 1, 1, 3 ) 0.08337638719543698, 0.9166236128045631;
    ( EPC, N, 1, 1, 4 ) 0.11116468740528478, 0.8888353125947153;
    ( EPC, N, 1, 1, 5 ) 0.00030982773577890697, 0.9996901722642212;
    ( EPC, N, 1, 1, 6 ) 0.5, 0.5;
    ( EPC, NAP, 0, 0, 0 ) 0.999380728263562, 0.0006192717364379488;
    ( EPC, NAP, 0, 0, 1 ) 0.7499612535259291, 0.25003874647407087;
    ( EPC, NAP, 0, 0, 2 ) 0.44444699593088943, 0.5555530040691106;
    ( EPC, NAP, 0, 0, 3 ) 0.624997578016919, 0.37500242198308104;
    ( EPC, NAP, 0, 0, 4 ) 0.647048096981721, 0.3529519030182789;
    ( EPC, NAP, 0, 0, 5 ) 0.5, 0.5;
    ( EPC, NAP, 0, 0, 6 ) 0.9996901722642212, 0.00030982773577890697;
    ( EPC, NAP, 0, 1, 0 ) 0.999380728263562, 0.0006192717364379488;
    ( EPC, NAP, 0, 1, 1 ) 0.5882288581890327, 0.41177114181096736;
    ( EPC, NAP, 0, 1, 2 ) 0.6333278220973009, 0.36667217790269907;
    ( EPC, NAP, 0, 1, 3 ) 0.6607107268918542, 0.3392892731081459;
    ( EPC, NAP, 0, 1, 4 ) 0.63635595035453, 0.36364404964547004;
    ( EPC, NAP, 0, 1, 5 ) 0.8570795989939424, 0.14292040100605763;
    ( EPC, NAP, 0, 1, 6 ) 0.5, 0.5;
    ( EPC, NAP, 1, 0, 0 ) 0.4285840802012115, 0.5714159197987885;
    ( EPC, NAP, 1, 0, 1 ) 0.33334317465191254, 0.6666568253480875;
    ( EPC, NAP, 1, 0, 2 ) 0.580643548316126, 0.41935645168387414;
    ( EPC, NAP, 1, 0, 3 ) 0.42857323622154847, 0.5714267637784515;
    ( EPC, NAP, 1, 0, 4 ) 0.5, 0.5;
    ( EPC, NAP, 1, 0, 5 ) 0.0006192717364379488, 0.999380728263562;
    ( EPC, NAP, 1, 0, 6 ) 0.5, 0.5;
    ( EPC, NAP, 1, 1, 0 ) 0.11116468740528478, 0.8888353125947153;
    ( EPC, NAP, 1, 1, 1 ) 0.32500542517903086, 0.674994574820969;
    ( EPC, NAP, 1, 1, 2 ) 0.394738559638686, 0.6052614403613141;
    ( EPC, NAP, 1, 1, 3 ) 0.5087717389885523, 0.4912282610114476;
    ( EPC, NAP, 1, 1, 4 ) 0.7142477593963654, 0.2857522406036346;
    ( EPC, NAP, 1, 1, 5 ) 0.5999752045623605, 0.40002479543763947;
    ( EPC, NAP, 1, 1, 6 ) 0.00020659449632261798, 0.9997934055036775;
    ( EPC, NS, 0, 0, 0 ) 0.5714159197987885, 0.4285840802012115;
    ( EPC, NS, 0, 0, 1 ) 0.6111072838375001, 0.3888927161624999;
    ( EPC, NS, 0, 0, 2 ) 0.6249990311955047, 0.37500096880449524;
    ( EPC, NS, 0, 0, 3 ) 0.6626008063499809, 0.33739919365001914;
    ( EPC, NS, 0, 0, 4 ) 0.6390964474388404, 0.3609035525611595;
    ( EPC, NS, 0, 0, 5 ) 0.8181728509184784, 0.18182714908152167;
    ( EPC, NS, 0, 0, 6 ) 0.8181459521608765, 0.18185404783912346;
    ( EPC, NS, 0, 1, 0 ) 0.7499225190603112, 0.2500774809396889;
    ( EPC, NS, 0, 1, 1 ) 0.44444635808124994, 0.55555364191875;
    ( EPC, NS, 0, 1, 2 ) 0.5342462844649952, 0.4657537155350048;
    ( EPC, NS, 0, 1, 3 ) 0.6580078097739203, 0.3419921902260798;
    ( EPC, NS, 0, 1, 4 ) 0.7280676945434925, 0.2719323054565074;
    ( EPC, NS, 0, 1, 5 ) 0.6774122578941895, 0.3225877421058105;
    ( EPC, NS, 0, 1, 6 ) 0.5454494217372681, 0.45455057826273193;
    ( EPC, NS, 1, 0, 0 ) 0.3333448147586834, 0.6666551852413166;
    ( EPC, NS, 1, 0, 1 ) 0.49107152742870175, 0.5089284725712983;
    ( EPC, NS, 1, 0, 2 ) 0.49224809927508584, 0.5077519007249143;
    ( EPC, NS, 1, 0, 3 ) 0.5286342048075484, 0.47136579519245164;
    ( EPC, NS, 1, 0, 4 ) 0.4285735374876734, 0.5714264625123266;
    ( EPC, NS, 1, 0, 5 ) 0.2727528913136596, 0.7272471086863403;
    ( EPC, NS, 1, 0, 6 ) 0.5, 0.5;
    ( EPC, NS, 1, 1, 0 ) 0.0952619955832162, 0.9047380044167838;
    ( EPC, NS, 1, 1, 1 ) 0.3602159857165144, 0.6397840142834855;
    ( EPC, NS, 1, 1, 2 ) 0.44578340254170185, 0.5542165974582982;
    ( EPC, NS, 1, 1, 3 ) 0.41441489248795405, 0.5855851075120461;
    ( EPC, NS, 1, 1, 4 ) 0.4666675852186613, 0.5333324147813387;
    ( EPC, NS, 1, 1, 5 ) 0.2857522406036346, 0.7142477593963654;
    ( EPC, NS, 1, 1, 6 ) 0.00030982773577890697, 0.9996901722642212;
    ( EPC, P, 0, 0, 0 ) 0.7499225190603112, 0.2500774809396889;
    ( EPC, P, 0, 0, 1 ) 0.7499741676827378, 0.25002583231726216;
    ( EPC, P, 0, 0, 2 ) 0.820889583155962, 0.17911041684403792;
    ( EPC, P, 0, 0, 3 ) 0.8435730387830404, 0.15642696121695976;
    ( EPC, P, 0, 0, 4 ) 0.8509289740386379, 0.14907102596136224;
    ( EPC, P, 0, 0, 5 ) 0.8139489613764105, 0.18605103862358943;
    ( EPC, P, 0, 0, 6 ) 0.8420940993728014, 0.15790590062719864;
    ( EPC, P, 0, 1, 0 ) 0.9998450381206223, 0.0001549618793776731;
    ( EPC, P, 0, 1, 1 ) 0.8749418802888937, 0.1250581197111063;
    ( EPC, P, 0, 1, 2 ) 0.7808171474582203, 0.2191828525417798;
    ( EPC, P, 0, 1, 3 ) 0.8066641314142574, 0.1933358685857425;
    ( EPC, P, 0, 1, 4 ) 0.8641947430223106, 0.1358052569776895;
    ( EPC, P, 0, 1, 5 ) 0.9014014398641874, 0.0985985601358125;
    ( EPC, P, 0, 1, 6 ) 0.8888754934312504, 0.11112450656874971;
    ( EPC, P, 1, 0, 0 ) 0.0001549618793776731, 0.9998450381206223;
    ( EPC, P, 1, 0, 1 ) 0.44000297604285504, 0.559997023957145;
    ( EPC, P, 1, 0, 2 ) 0.7419306449483778, 0.2580693550516223;
    ( EPC, P, 1, 0, 3 ) 0.6279051324126117, 0.3720948675873883;
    ( EPC, P, 1, 0, 4 ) 0.6551657786937819, 0.34483422130621805;
    ( EPC, P, 1, 0, 5 ) 0.1667355457288094, 0.8332644542711907;
    ( EPC, P, 1, 0, 6 ) 0.5, 0.5;
    ( EPC, P, 1, 1, 0 ) 0.00030982773577890697, 0.9996901722642212;
    ( EPC, P, 1, 1, 1 ) 0.48275935792291313, 0.5172406420770869;
    ( EPC, P, 1, 1, 2 ) 0.5925911750567213, 0.40740882494327874;
    ( EPC, P, 1, 1, 3 ) 0.6419731350869726, 0.35802686491302743;
    ( EPC, P, 1, 1, 4 ) 0.761889296975566, 0.238110703024434;
    ( EPC, P, 1, 1, 5 ) 0.7499225190603112, 0.2500774809396889;
    ( EPC, P, 1, 1, 6 ) 0.9996901722642212, 0.00030982773577890697;
    ( EPC, PC, 0, 0, 0 ) 0.3334021981654409, 0.6665978018345592;
    ( EPC, PC, 0, 0, 1 ) 0.2000371977681339, 0.7999628022318661;
    ( EPC, PC, 0, 0, 2 ) 0.3400039681555518, 0.6599960318444483;
    ( EPC, PC, 0, 0, 3 ) 0.38889144043392604, 0.611108559566074;
    ( EPC, PC, 0, 0, 4 ) 0.31251453105383076, 0.6874854689461692;
    ( EPC, PC, 0, 0, 5 ) 0.3334021981654409, 0.6665978018345592;
    ( EPC, PC, 0, 0, 6 ) 0.0006192717364379488, 0.999380728263562;
    ( EPC, PC, 0, 1, 0 ) 0.5, 0.5;
    ( EPC, PC, 0, 1, 1 ) 0.25001550003100004, 0.749984499969;
    ( EPC, PC, 0, 1, 2 ) 0.40425784527383923, 0.5957421547261608;
    ( EPC, PC, 0, 1, 3 ) 0.5531900859589782, 0.4468099140410218;
    ( EPC, PC, 0, 1, 4 ) 0.7777395089962251, 0.22226049100377482;
    ( EPC, PC, 0, 1, 5 ) 0.20007438631291846, 0.7999256136870816;
    ( EPC, PC, 0, 1, 6 ) 0.999380728263562, 0.0006192717364379488;
    ( EPC, PC, 1, 0, 0 ) 0.28573326483977823, 0.7142667351602218;
    ( EPC, PC, 1, 0, 1 ) 0.4105274837160125, 0.5894725162839876;
    ( EPC, PC, 1, 0, 2 ) 0.31538637642727, 0.6846136235727299;
    ( EPC, PC, 1, 0, 3 ) 0.34722485351814797, 0.6527751464818521;
    ( EPC, PC, 1, 0, 4 ) 0.0769634306861754, 0.9230365693138246;
    ( EPC, PC, 1, 0, 5 ) 0.2000371977681339, 0.7999628022318661;
    ( EPC, PC, 1, 0, 6 ) 0.00030982773577890697, 0.9996901722642212;
    ( EPC, PC, 1, 1, 0 ) 5.636089005117569e-05, 0.9999436391099489;
    ( EPC, PC, 1, 1, 1 ) 0.2500025001350073, 0.7499974998649926;
    ( EPC, PC, 1, 1, 2 ) 0.3087264241235874, 0.6912735758764126;
    ( EPC, PC, 1, 1, 3 ) 0.30682090406148455, 0.6931790959385155;
    ( EPC, PC, 1, 1, 4 ) 0.2727528913136596, 0.7272471086863403;
    ( EPC, PC, 1, 1, 5 ) 7.74929481417191e-05, 0.9999225070518583;
    ( EPC, PC, 1, 1, 6 ) 0.00030982773577890697, 0.9996901722642212;
    ( EPC, PI, 0, 0, 0 ) 0.2500774809396889, 0.7499225190603112;
    ( EPC, PI, 0, 0, 1 ) 0.235313425432902, 0.764686574567098;
    ( EPC, PI, 0, 0, 2 ) 0.3518552539119013, 0.6481447460880987;
    ( EPC, PI, 0, 0, 3 ) 0.5, 0.5;
    ( EPC, PI, 0, 0, 4 ) 0.5294096193963442, 0.47059038060365577;
    ( EPC, PI, 0, 0, 5 ) 0.5, 0.5;
    ( EPC, PI, 0, 0, 6 ) 0.5, 0.5;
    ( EPC, PI, 0, 1, 0 ) 0.2500774809396889, 0.7499225190603112;
    ( EPC, PI, 0, 1, 1 ) 0.32143647974774353, 0.6785635202522564;
    ( EPC, PI, 0, 1, 2 ) 0.3809547242157145, 0.6190452757842856;
    ( EPC, PI, 0, 1, 3 ) 0.5, 0.5;
    ( EPC, PI, 0, 1, 4 ) 0.6363482652118042, 0.3636517347881958;
    ( EPC, PI, 0, 1, 5 ) 0.33336777286440467, 0.6666322271355953;
    ( EPC, PI, 0, 1, 6 ) 0.5, 0.5;
    ( EPC, PI, 1, 0, 0 ) 0.15002170004340004, 0.8499782999565999;
    ( EPC, PI, 1, 0, 1 ) 0.28571665828884224, 0.7142833417111577;
    ( EPC, PI, 1, 0, 2 ) 0.34228319182120365, 0.6577168081787963;
    ( EPC, PI, 1, 0, 3 ) 0.28000363750599366, 0.7199963624940064;
    ( EPC, PI, 1, 0, 4 ) 0.05266077558638873, 0.9473392244136112;
    ( EPC, PI, 1, 0, 5 ) 0.2500774809396889, 0.7499225190603112;
    ( EPC, PI, 1, 0, 6 ) 0.999380728263562, 0.0006192717364379488;
    ( EPC, PI, 1, 1, 0 ) 0.06668457818377216, 0.9333154218162278;
    ( EPC, PI, 1, 1, 1 ) 0.16326743660767049, 0.8367325633923296;
    ( EPC, PI, 1, 1, 2 ) 0.2740398086950508, 0.7259601913049493;
    ( EPC, PI, 1, 1, 3 ) 0.2777808396599474, 0.7222191603400526;
    ( EPC, PI, 1, 1, 4 ) 0.238110703024434, 0.761889296975566;
    ( EPC, PI, 1, 1, 5 ) 7.74929481417191e-05, 0.9999225070518583;
    ( EPC, PI, 1, 1, 6 ) 0.00030982773577890697, 0.9996901722642212;
    ( EPC, SBC, 0, 0, 0 ) 0.5833247225609126, 0.4166752774390874;
    ( EPC, SBC, 0, 0, 1 ) 0.44578394255679626, 0.5542160574432037;
    ( EPC, SBC, 0, 0, 2 ) 0.49146761290388113, 0.5085323870961188;
    ( EPC, SBC, 0, 0, 3 ) 0.513586910736827, 0.48641308926317295;
    ( EPC, SBC, 0, 0, 4 ) 0.5611106900994124, 0.43888930990058767;
    ( EPC, SBC, 0, 0, 5 ) 0.6249972320269978, 0.37500276797300236;
    ( EPC, SBC, 0, 0, 6 ) 0.6428508162018051, 0.3571491837981948;
    ( EPC, SBC, 0, 1, 0 ) 0.41177114181096736, 0.5882288581890327;
    ( EPC, SBC, 0, 1, 1 ) 0.45762756394223386, 0.5423724360577661;
    ( EPC, SBC, 0, 1, 2 ) 0.5034246429903113, 0.4965753570096887;
    ( EPC, SBC, 0, 1, 3 ) 0.5496892496316362, 0.45031075036836377;
    ( EPC, SBC, 0, 1, 4 ) 0.6322570063923579, 0.367742993607642;
    ( EPC, SBC, 0, 1, 5 ) 0.680846292260526, 0.31915370773947416;
    ( EPC, SBC, 0, 1, 6 ) 0.7368266482189707, 0.26317335178102935;
    ( EPC, SBC, 1, 0, 0 ) 0.10000708604226824, 0.8999929139577317;
    ( EPC, SBC, 1, 0, 1 ) 0.35714336329590674, 0.6428566367040933;
    ( EPC, SBC, 1, 0, 2 ) 0.3714862637896233, 0.6285137362103767;
    ( EPC, SBC, 1, 0, 3 ) 0.42892790058614444, 0.5710720994138556;
    ( EPC, SBC, 1, 0, 4 ) 0.2740761493592982, 0.7259238506407018;
    ( EPC, SBC, 1, 0, 5 ) 0.200012400281073, 0.799987599718927;
    ( EPC, SBC, 1, 0, 6 ) 0.25002583231726216, 0.7499741676827378;
    ( EPC, SBC, 1, 1, 0 ) 0.08065354875614528, 0.9193464512438547;
    ( EPC, SBC, 1, 1, 1 ) 0.3216788371384485, 0.6783211628615514;
    ( EPC, SBC, 1, 1, 2 ) 0.37190115465441076, 0.6280988453455892;
    ( EPC, SBC, 1, 1, 3 ) 0.3708443993943611, 0.6291556006056389;
    ( EPC, SBC, 1, 1, 4 ) 0.412845028248459, 0.587154971751541;
    ( EPC, SBC, 1, 1, 5 ) 0.2258174196180708, 0.7741825803819291;
    ( EPC, SBC, 1, 1, 6 ) 0.05885570905483668, 0.9411442909451633;
    ( EPC, SBI, 0, 0, 0 ) 0.22226049100377482, 0.7777395089962251;
    ( EPC, SBI, 0, 0, 1 ) 0.28205821192600455, 0.7179417880739953;
    ( EPC, SBI, 0, 0, 2 ) 0.5131577873901274, 0.4868422126098726;
    ( EPC, SBI, 0, 0, 3 ) 0.5105262470874642, 0.4894737529125358;
    ( EPC, SBI, 0, 0, 4 ) 0.5760859309500767, 0.4239140690499233;
    ( EPC, SBI, 0, 0, 5 ) 0.5806419354064497, 0.4193580645935502;
    ( EPC, SBI, 0, 0, 6 ) 0.7999628022318661, 0.2000371977681339;
    ( EPC, SBI, 0, 1, 0 ) 0.33336777286440467, 0.6666322271355953;
    ( EPC, SBI, 0, 1, 1 ) 0.2500070457069099, 0.7499929542930902;
    ( EPC, SBI, 0, 1, 2 ) 0.4609932508614518, 0.5390067491385482;
    ( EPC, SBI, 0, 1, 3 ) 0.5028248389659632, 0.4971751610340368;
    ( EPC, SBI, 0, 1, 4 ) 0.5857127672766568, 0.4142872327233432;
    ( EPC, SBI, 0, 1, 5 ) 0.5, 0.5;
    ( EPC, SBI, 0, 1, 6 ) 0.6665978018345592, 0.3334021981654409;
    ( EPC, SBI, 1, 0, 0 ) 0.11364725245613344, 0.8863527475438666;
    ( EPC, SBI, 1, 0, 1 ) 0.3350796047873245, 0.6649203952126754;
    ( EPC, SBI, 1, 0, 2 ) 0.3448281894211923, 0.6551718105788077;
    ( EPC, SBI, 1, 0, 3 ) 0.39090970582101253, 0.6090902941789875;
    ( EPC, SBI, 1, 0, 4 ) 0.415386229658317, 0.584613770341683;
    ( EPC, SBI, 1, 0, 5 ) 0.23079491043665706, 0.769205089563343;
    ( EPC, SBI, 1, 0, 6 ) 0.20007438631291846, 0.7999256136870816;
    ( EPC, SBI, 1, 1, 0 ) 0.06251695355307721, 0.9374830464469227;
    ( EPC, SBI, 1, 1, 1 ) 0.2931045541671255, 0.7068954458328746;
    ( EPC, SBI, 1, 1, 2 ) 0.3645490567555843, 0.6354509432444158;
    ( EPC, SBI, 1, 1, 3 ) 0.3866672912957932, 0.6133327087042069;
    ( EPC, SBI, 1, 1, 4 ) 0.28125423847039177, 0.7187457615296082;
    ( EPC, SBI, 1, 1, 5 ) 5.636089005117569e-05, 0.9999436391099489;
    ( EPC, SBI, 1, 1, 6 ) 0.0001239771881973717, 0.9998760228118027;
    ( EPC, TC, 0, 0, 0 ) 0.5555479017992451, 0.444452098200755;
    ( EPC, TC, 0, 0, 1 ) 0.5306114701907649, 0.46938852980923507;
    ( EPC, TC, 0, 0, 2 ) 0.6216208063813387, 0.3783791936186614;
    ( EPC, TC, 0, 0, 3 ) 0.5918362698601501, 0.4081637301398499;
    ( EPC, TC, 0, 0, 4 ) 0.7333301183570552, 0.2666698816429447;
    ( EPC, TC, 0, 0, 5 ) 0.6451554837316096, 0.3548445162683904;
    ( EPC, TC, 0, 0, 6 ) 0.6666322271355953, 0.33336777286440467;
    ( EPC, TC, 0, 1, 0 ) 0.6666322271355953, 0.33336777286440467;
    ( EPC, TC, 0, 1, 1 ) 0.5490184159465465, 0.4509815840534534;
    ( EPC, TC, 0, 1, 2 ) 0.5970867941974267, 0.40291320580257334;
    ( EPC, TC, 0, 1, 3 ) 0.6103890177872594, 0.3896109822127407;
    ( EPC, TC, 0, 1, 4 ) 0.6464628118635278, 0.3535371881364721;
    ( EPC, TC, 0, 1, 5 ) 0.8666363561213524, 0.1333636438786476;
    ( EPC, TC, 0, 1, 6 ) 0.3334021981654409, 0.6665978018345592;
    ( EPC, TC, 1, 0, 0 ) 0.157917063683709, 0.8420829363162909;
    ( EPC, TC, 1, 0, 1 ) 0.42515025640492526, 0.5748497435950748;
    ( EPC, TC, 1, 0, 2 ) 0.4650351166406656, 0.5349648833593345;
    ( EPC, TC, 1, 0, 3 ) 0.4921875378440356, 0.5078124621559644;
    ( EPC, TC, 1, 0, 4 ) 0.4843753027478852, 0.5156246972521149;
    ( EPC, TC, 1, 0, 5 ) 0.7777395089962251, 0.22226049100377482;
    ( EPC, TC, 1, 0, 6 ) 8.856140848064047e-05, 0.9999114385915194;
    ( EPC, TC, 1, 1, 0 ) 0.1666896295173668, 0.8333103704826332;
    ( EPC, TC, 1, 1, 1 ) 0.33333421657606366, 0.6666657834239363;
    ( EPC, TC, 1, 1, 2 ) 0.4419265496195113, 0.5580734503804887;
    ( EPC, TC, 1, 1, 3 ) 0.48818903404147707, 0.5118109659585229;
    ( EPC, TC, 1, 1, 4 ) 0.30882701573048466, 0.6911729842695155;
    ( EPC, TC, 1, 1, 5 ) 0.3636517347881958, 0.6363482652118042;
    ( EPC, TC, 1, 1, 6 ) 0.0001549618793776731, 0.9998450381206223;
    ( EPC, TI, 0, 0, 0 ) 0.0006192717364379488, 0.999380728263562;
    ( EPC, TI, 0, 0, 1 ) 0.5624951563153897, 0.43750484368461023;
    ( EPC, TI, 0, 0, 2 ) 0.40425784527383923, 0.5957421547261608;
    ( EPC, TI, 0, 0, 3 ) 0.6511606110330865, 0.34883938896691347;
    ( EPC, TI, 0, 0, 4 ) 0.7631493072098472, 0.23685069279015275;
    ( EPC, TI, 0, 0, 5 ) 0.2500774809396889, 0.7499225190603112;
    ( EPC, TI, 0, 0, 6 ) 0.7499225190603112, 0.2500774809396889;
    ( EPC, TI, 0, 1, 0 ) 0.00020659449632261798, 0.9997934055036775;
    ( EPC, TI, 0, 1, 1 ) 0.41177114181096736, 0.5882288581890327;
    ( EPC, TI, 0, 1, 2 ) 0.4545463085785576, 0.5454536914214424;
    ( EPC, TI, 0, 1, 3 ) 0.6631557649884479, 0.33684423501155214;
    ( EPC, TI, 0, 1, 4 ) 0.4516148387561301, 0.5483851612438698;
    ( EPC, TI, 0, 1, 5 ) 0.7142477593963654, 0.2857522406036346;
    ( EPC, TI, 0, 1, 6 ) 0.00030982773577890697, 0.9996901722642212;
    ( EPC, TI, 1, 0, 0 ) 0.1250581197111063, 0.8749418802888937;
    ( EPC, TI, 1, 0, 1 ) 0.34146820956102514, 0.6585317904389748;
    ( EPC, TI, 1, 0, 2 ) 0.36036192038109105, 0.6396380796189088;
    ( EPC, TI, 1, 0, 3 ) 0.3888904198299737, 0.6111095801700264;
    ( EPC, TI, 1, 0, 4 ) 0.41667097227532474, 0.5833290277246753;
    ( EPC, TI, 1, 0, 5 ) 0.5, 0.5;
    ( EPC, TI, 1, 0, 6 ) 0.2500774809396889, 0.7499225190603112;
    ( EPC, TI, 1, 1, 0 ) 0.11116468740528478, 0.8888353125947153;
    ( EPC, TI, 1, 1, 1 ) 0.2963009741288643, 0.7036990258711358;
    ( EPC, TI, 1, 1, 2 ) 0.45454592038567093, 0.545454079614329;
    ( EPC, TI, 1, 1, 3 ) 0.4215695809798453, 0.5784304190201547;
    ( EPC, TI, 1, 1, 4 ) 0.2000371977681339, 0.7999628022318661;
    ( EPC, TI, 1, 1, 5 ) 0.00030982773577890697, 0.9996901722642212;
    ( EPC, TI, 1, 1, 6 ) 0.00020659449632261798, 0.9997934055036775;
    ( EPI, EPC, 0, 0, 0 ) 0.5, 0.5;
    ( EPI, EPC, 0, 0, 1 ) 0.6666604038749145, 0.33333959612508546;
    ( EPI, EPC, 0, 0, 2 ) 0.5794383316837765, 0.42056166831622355;
    ( EPI, EPC, 0, 0, 3 ) 0.5795448940796492, 0.42045510592035085;
    ( EPI, EPC, 0, 0, 4 ) 0.6595723629532496, 0.3404276370467504;
    ( EPI, EPC, 0, 0, 5 ) 0.8285597874224978, 0.1714402125775022;
    ( EPI, EPC, 0, 0, 6 ) 0.8332988902436504, 0.16670110975634958;
    ( EPI, EPC, 0, 1, 0 ) 0.37501937323703544, 0.6249806267629646;
    ( EPI, EPC, 0, 1, 1 ) 0.6128987095690297, 0.3871012904309703;
    ( EPI, EPC, 0, 1, 2 ) 0.6388872941549301, 0.3611127058450699;
    ( EPI, EPC, 0, 1, 3 ) 0.6235946445664698, 0.37640535543353015;
    ( EPI, EPC, 0, 1, 4 ) 0.6792431860775813, 0.32075681392241867;
    ( EPI, EPC, 0, 1, 5 ) 0.7837742729021576, 0.21622572709784232;
    ( EPI, EPC, 0, 1, 6 ) 0.6666494451218252, 0.3333505548781748;
    ( EPI, EPC, 1, 0, 0 ) 0.1666896295173668, 0.8333103704826332;
    ( EPI, EPC, 1, 0, 1 ) 0.39285872456767634, 0.6071412754323237;
    ( EPI, EPC, 1, 0, 2 ) 0.4860336163096325, 0.5139663836903675;
    ( EPI, EPC, 1, 0, 3 ) 0.48484859872084896, 0.515151401279151;
    ( EPI, EPC, 1, 0, 4 ) 0.45000155005115167, 0.5499984499488483;
    ( EPI, EPC, 1, 0, 5 ) 0.30002479851208924, 0.6999752014879107;
    ( EPI, EPC, 1, 0, 6 ) 0.00030982773577890697, 0.9996901722642212;
    ( EPI, EPC, 1, 1, 0 ) 0.11767494784752512, 0.8823250521524749;
    ( EPI, EPC, 1, 1, 1 ) 0.37391440309692997, 0.62608559690307;
    ( EPI, EPC, 1, 1, 2 ) 0.41860523799979527, 0.5813947620002048;
    ( EPI, EPC, 1, 1, 3 ) 0.4765102626116686, 0.5234897373883314;
    ( EPI, EPC, 1, 1, 4 ) 0.41666881952661194, 0.5833311804733881;
    ( EPI, EPC, 1, 1, 5 ) 0.23079491043665706, 0.769205089563343;
    ( EPI, EPC, 1, 1, 6 ) 0.5, 0.5;
    ( EPI, EPI, 0, 0, 0 ) 0.5, 0.5;
    ( EPI, EPI, 0, 0, 1 ) 0.42105778392700977, 0.5789422160729902;
    ( EPI, EPI, 0, 0, 2 ) 0.5769218539845661, 0.423078146015434;
    ( EPI, EPI, 0, 0, 3 ) 0.6406236376213182, 0.35937636237868165;
    ( EPI, EPI, 0, 0, 4 ) 0.6144561212689856, 0.38554387873101437;
    ( EPI, EPI, 0, 0, 5 ) 0.63635595035453, 0.36364404964547004;
    ( EPI, EPI, 0, 0, 6 ) 0.4285840802012115, 0.5714159197987885;
    ( EPI, EPI, 0, 1, 0 ) 0.20007438631291846, 0.7999256136870816;
    ( EPI, EPI, 0, 1, 1 ) 0.5555517284137722, 0.4444482715862278;
    ( EPI, EPI, 0, 1, 2 ) 0.5555545987206735, 0.4444454012793265;
    ( EPI, EPI, 0, 1, 3 ) 0.6357130836071817, 0.3642869163928182;
    ( EPI, EPI, 0, 1, 4 ) 0.6229483202348378, 0.37705167976516224;
    ( EPI, EPI, 0, 1, 5 ) 0.8666363561213524, 0.1333636438786476;
    ( EPI, EPI, 0, 1, 6 ) 0.7142477593963654, 0.2857522406036346;
    ( EPI, EPI, 1, 0, 0 ) 0.21054520773236918, 0.7894547922676308;
    ( EPI, EPI, 1, 0, 1 ) 0.382354371469768, 0.6176456285302321;
    ( EPI, EPI, 1, 0, 2 ) 0.4223608464516288, 0.5776391535483711;
    ( EPI, EPI, 1, 0, 3 ) 0.46405257893892216, 0.5359474210610778;
    ( EPI, EPI, 1, 0, 4 ) 0.3513563332417269, 0.648643666758273;
    ( EPI, EPI, 1, 0, 5 ) 7.74929481417191e-05, 0.9999225070518583;
    ( EPI, EPI, 1, 0, 6 ) 0.6665978018345592, 0.3334021981654409;
    ( EPI, EPI, 1, 1, 0 ) 0.05002790005580011, 0.9499720999441998;
    ( EPI, EPI, 1, 1, 1 ) 0.29213772770465907, 0.707862272295341;
    ( EPI, EPI, 1, 1, 2 ) 0.40268537367691287, 0.5973146263230871;
    ( EPI, EPI, 1, 1, 3 ) 0.38059811990901227, 0.6194018800909876;
    ( EPI, EPI, 1, 1, 4 ) 0.43750242193615385, 0.5624975780638461;
    ( EPI, EPI, 1, 1, 5 ) 0.2857522406036346, 0.7142477593963654;
    ( EPI, EPI, 1, 1, 6 ) 0.00020659449632261798, 0.9997934055036775;
    ( EPI, N, 0, 0, 0 ) 0.5, 0.5;
    ( EPI, N, 0, 0, 1 ) 0.5, 0.5;
    ( EPI, N, 0, 0, 2 ) 0.0006192717364379488, 0.999380728263562;
    ( EPI, N, 0, 0, 3 ) 0.0006192717364379488, 0.999380728263562;
    ( EPI, N, 0, 0, 4 ) 0.6665978018345592, 0.3334021981654409;
    ( EPI, N, 0, 0, 5 ) 0.5, 0.5;
    ( EPI, N, 0, 0, 6 ) 0.5, 0.5;
    ( EPI, N, 0, 1, 0 ) 0.00020659449632261798, 0.9997934055036775;
    ( EPI, N, 0, 1, 1 ) 0.00030982773577890697, 0.9996901722642212;
    ( EPI, N, 0, 1, 2 ) 0.3334021981654409, 0.6665978018345592;
    ( EPI, N, 0, 1, 3 ) 0.0006192717364379488, 0.999380728263562;
    ( EPI, N, 0, 1, 4 ) 0.0006192717364379488, 0.999380728263562;
    ( EPI, N, 0, 1, 5 ) 0.0006192717364379488, 0.999380728263562;
    ( EPI, N, 0, 1, 6 ) 0.0006192717364379488, 0.999380728263562;
    ( EPI, N, 1, 0, 0 ) 0.0001549618793776731, 0.9998450381206223;
    ( EPI, N, 1, 0, 1 ) 0.09095520436458733, 0.9090447956354127;
    ( EPI, N, 1, 0, 2 ) 0.0001549618793776731, 0.9998450381206223;
    ( EPI, N, 1, 0, 3 ) 0.1667355457288094, 0.8332644542711907;
    ( EPI, N, 1, 0, 4 ) 0.20007438631291846, 0.7999256136870816;
    ( EPI, N, 1, 0, 5 ) 0.2500774809396889, 0.7499225190603112;
    ( EPI, N, 1, 0, 6 ) 0.00030982773577890697, 0.9996901722642212;
    ( EPI, N, 1, 1, 0 ) 0.20007438631291846, 0.7999256136870816;
    ( EPI, N, 1, 1, 1 ) 7.74929481417191e-05, 0.9999225070518583;
    ( EPI, N, 1, 1, 2 ) 0.2727528913136596, 0.7272471086863403;
    ( EPI, N, 1, 1, 3 ) 0.2500774809396889, 0.7499225190603112;
    ( EPI, N, 1, 1, 4 ) 0.00020659449632261798, 0.9997934055036775;
    ( EPI, N, 1, 1, 5 ) 0.20007438631291846, 0.7999256136870816;
    ( EPI, N, 1, 1, 6 ) 0.5, 0.5;
    ( EPI, NAP, 0, 0, 0 ) 0.5, 0.5;
    ( EPI, NAP, 0, 0, 1 ) 0.999380728263562, 0.0006192717364379488;
    ( EPI, NAP, 0, 0, 2 ) 0.5, 0.5;
    ( EPI, NAP, 0, 0, 3 ) 0.4285840802012115, 0.5714159197987885;
    ( EPI, NAP, 0, 0, 4 ) 0.5, 0.5;
    ( EPI, NAP, 0, 0, 5 ) 0.5, 0.5;
    ( EPI, NAP, 0, 0, 6 ) 0.5, 0.5;
    ( EPI, NAP, 0, 1, 0 ) 0.999380728263562, 0.0006192717364379488;
    ( EPI, NAP, 0, 1, 1 ) 0.2500774809396889, 0.7499225190603112;
    ( EPI, NAP, 0, 1, 2 ) 0.5999752045623605, 0.40002479543763947;
    ( EPI, NAP, 0, 1, 3 ) 0.4615421300623796, 0.5384578699376205;
    ( EPI, NAP, 0, 1, 4 ) 0.9996901722642212, 0.00030982773577890697;
