network unknown {
}
variable Educacion_Madre {
    type discrete [ 12 ] { EPC, EPI, N, NAP, NS, P, PC, PI, SBC, SBI, TC, TI };
}
variable Educacion_Padre {
    type discrete [ 12 ] { EPC, EPI, N, NAP, NS, P, PC, PI, SBC, SBI, TC, TI };
}
variable Personas_hogar {
    type discrete [ 3 ] { Alto, Medio, Poco };
}
variable Puntaje_obtenido {
    type discrete [ 2 ] { Aceptado, Rechazado };
}
variable cole_area_ubicacion {
    type discrete [ 2 ] { RURAL, URBANO };
}
variable cole_naturaleza {
    type discrete [ 2 ] { No_oficial, Oficial };
}
variable estu_genero {
    type discrete [ 2 ] { 0, 1 };
}
variable fami_estratovivienda {
    type discrete [ 7 ] { 0, 1, 2, 3, 4, 5, 6 };
}
probability ( Educacion_Madre ) {
    table 0.13181195866670908, 0.04621333624114217, 0.03004773652828829, 0.003673001752257717, 0.03480473003569639, 0.03290102394247386, 0.0941740081267199, 0.11284759295522734, 0.21298980298080697, 0.13532404651888336, 0.11332011189006061, 0.05189265036173445 ;
}
probability ( Educacion_Padre ) {
    table 0.10329725833003935, 0.03453212295790796, 0.046626790309121285, 0.021637808178515235, 0.09206130327385957, 0.025190787092357766, 0.09635486474902734, 0.140421798873527, 0.18745106324332758, 0.13922232773125792, 0.07748591151477154, 0.03571796374628763 ;
}
probability ( Personas_hogar | Educacion_Madre, Educacion_Padre ) {
    ( EPC, EPC ) 0.10306637646396895, 0.2959209870914554, 0.6010126364445755;
    ( EPC, EPI ) 0.06320200720124013, 0.2665970882797297, 0.6702009045190302;
    ( EPC, N ) 0.1038111769779146, 0.25944606382165747, 0.6367427592004279;
    ( EPC, NAP ) 0.054561453849832624, 0.2495915829746533, 0.6958469631755142;
    ( EPC, NS ) 0.07504171839925416, 0.24578983143373928, 0.6791684501670066;
    ( EPC, P ) 0.03911680097897361, 0.24747335215734753, 0.7134098468636789;
    ( EPC, PC ) 0.08626738082137078, 0.2748265110199457, 0.6389061081586834;
    ( EPC, PI ) 0.07218048741551719, 0.262231330248237, 0.6655881823362457;
    ( EPC, SBC ) 0.10700895557702908, 0.27909800023383674, 0.613893044189134;
    ( EPC, SBI ) 0.0858337379711247, 0.27377065044347443, 0.6403956115854009;
    ( EPC, TC ) 0.08367226773756715, 0.2735222032175239, 0.642805529044909;
    ( EPC, TI ) 0.067143529761035, 0.2665353901533338, 0.6663210800856312;
    ( EPI, EPC ) 0.0695699020217269, 0.26240535180416186, 0.6680247461741113;
    ( EPI, EPI ) 0.0763415542784107, 0.29771071049403713, 0.6259477352275522;
    ( EPI, N ) 0.09899051542197472, 0.3077020876242785, 0.5933073969537468;
    ( EPI, NAP ) 0.0843894209990659, 0.19882331618497917, 0.716787262815955;
    ( EPI, NS ) 0.09080210275393516, 0.24773407548178106, 0.6614638217642839;
    ( EPI, P ) 0.05382818050641997, 0.2911438763028558, 0.6550279431907242;
    ( EPI, PC ) 0.09853179949562994, 0.27463294987390746, 0.6268352506304625;
    ( EPI, PI ) 0.099800669789674, 0.2950137321945905, 0.6051855980157356;
    ( EPI, SBC ) 0.0903596124809795, 0.3000005875060954, 0.6096398000129252;
    ( EPI, SBI ) 0.09249360548222581, 0.2928722590543473, 0.6146341354634269;
    ( EPI, TC ) 0.09190551670978205, 0.2588958346199328, 0.6491986486702851;
    ( EPI, TI ) 0.09092648120782582, 0.28512742524019263, 0.6239460935519816;
    ( N, EPC ) 0.19410200628474739, 0.2686902172036327, 0.5372077765116199;
    ( N, EPI ) 0.27032939558722424, 0.3243327707981749, 0.4053378336146009;
    ( N, N ) 0.23652820407530326, 0.28405752655894945, 0.47941426936574727;
    ( N, NAP ) 0.200071187043958, 0.23082399003381382, 0.5691048229222281;
    ( N, NS ) 0.14769426712020253, 0.3020207197552149, 0.5502850131245826;
    ( N, P ) 0.1433283852878113, 0.28583209632195283, 0.5708395183902358;
    ( N, PC ) 0.18496105300202084, 0.3040768273525112, 0.5109621196454681;
    ( N, PI ) 0.235362275772991, 0.2911044292124961, 0.4735332950145129;
    ( N, SBC ) 0.2147323478318494, 0.3026606646691565, 0.48260698749899417;
    ( N, SBI ) 0.2010299725156645, 0.33219768216751644, 0.4667723453168191;
    ( N, TC ) 0.25761559224594244, 0.2879026886808988, 0.4544817190731588;
    ( N, TI ) 0.1887739513770678, 0.24534066605560648, 0.5658853825673257;
    ( NAP, EPC ) 0.10016192458940551, 0.28003701133472125, 0.6198010640758732;
    ( NAP, EPI ) 0.0006080505898090721, 0.15821476346832056, 0.8411771859418703;
    ( NAP, N ) 0.2143840519852415, 0.2619637645244782, 0.5236521834902803;
    ( NAP, NAP ) 0.20704837849322377, 0.2812570632961747, 0.5116945582106015;
    ( NAP, NS ) 0.17815600139456753, 0.3287692941586637, 0.4930747044467687;
    ( NAP, P ) 0.21756607376143103, 0.2609787961008944, 0.5214551301376746;
    ( NAP, PC ) 0.1396912484535528, 0.23263944919584748, 0.6276693023505997;
    ( NAP, PI ) 0.14111120999080418, 0.20518525110498054, 0.6537035389042152;
    ( NAP, SBC ) 0.13691389599317988, 0.23161612471075382, 0.6314699792960662;
    ( NAP, SBI ) 0.10358581628175981, 0.310358581628176, 0.5860556020900642;
    ( NAP, TC ) 0.019073807341451705, 0.16991837981755487, 0.8110078128409933;
    ( NAP, TI ) 0.1115389552047234, 0.5551277114619433, 0.33333333333333337;
    ( NS, EPC ) 0.09136770242154432, 0.26754043144495926, 0.6410918661334966;
    ( NS, EPI ) 0.11388308780643826, 0.21141653026283605, 0.6747003819307257;
    ( NS, N ) 0.14712221239138817, 0.3235327480205994, 0.5293450395880124;
    ( NS, NAP ) 0.1270409756276746, 0.3253990118831157, 0.5475600124892097;
    ( NS, NS ) 0.1261585956082031, 0.2903072318465312, 0.5835341725452655;
    ( NS, P ) 0.04505628786106128, 0.23599303226477392, 0.7189506798741647;
    ( NS, PC ) 0.1546711523090321, 0.3041289383582072, 0.5411999093327607;
    ( NS, PI ) 0.14617050951066798, 0.28461972165346155, 0.5692097688358705;
    ( NS, SBC ) 0.11662283247695421, 0.2807036402682127, 0.602673527254833;
    ( NS, SBI ) 0.11526165236412587, 0.3049662854023795, 0.5797720622334946;
    ( NS, TC ) 0.09274289349243939, 0.29139555024180136, 0.6158615562657592;
    ( NS, TI ) 0.06109088856909055, 0.2683202121956037, 0.6705888992353057;
    ( P, EPC ) 0.03821491908245157, 0.2213464350684898, 0.7404386458490587;
    ( P, EPI ) 0.0484612290384907, 0.20514088640065414, 0.7463978845608551;
    ( P, N ) 0.1283875941410188, 0.35895155073237267, 0.5126608551266085;
    ( P, NAP ) 0.08338499262994035, 0.18455455910512322, 0.7320604482649364;
    ( P, NS ) 0.06938182077663756, 0.18883433010886486, 0.7417838491144977;
    ( P, P ) 0.047768091819268256, 0.22753090477439689, 0.7247010034063349;
    ( P, PC ) 0.10299998298364728, 0.24267020606803139, 0.6543298109483213;
    ( P, PI ) 0.09820959520665615, 0.23928383808266246, 0.6625065667106813;
    ( P, SBC ) 0.05562807846893402, 0.22136138811430986, 0.7230105334167561;
    ( P, SBI ) 0.06653938731414905, 0.22173808167433937, 0.7117225310115116;
    ( P, TC ) 0.03443666989745564, 0.21606897070603806, 0.7494943593965064;
    ( P, TI ) 0.07607562900104213, 0.22809154519739602, 0.6958328258015618;
    ( PC, EPC ) 0.09631661665952279, 0.3160508644092013, 0.5876325189312759;
    ( PC, EPI ) 0.16560148359311538, 0.2980213649669717, 0.5363771514399129;
    ( PC, N ) 0.17555288282748024, 0.2938882207068701, 0.5305588964656497;
    ( PC, NAP ) 0.08204645185785527, 0.23975788374623064, 0.678195664395914;
    ( PC, NS ) 0.13915880913654197, 0.28003617164727046, 0.5808050192161875;
    ( PC, P ) 0.0859596960687149, 0.34284770399735714, 0.5711925999339279;
    ( PC, PC ) 0.1865734882062895, 0.30890351940959604, 0.5045229923841144;
    ( PC, PI ) 0.18089123992001702, 0.31604748881235906, 0.5030612712676238;
    ( PC, SBC ) 0.15106516304535475, 0.32180272940913734, 0.5271321075455079;
    ( PC, SBI ) 0.15753400201622858, 0.336068232700432, 0.5063977652833394;
    ( PC, TC ) 0.10495458810193983, 0.30658627308100794, 0.5884591388170523;
    ( PC, TI ) 0.12952185894714058, 0.29137214743029366, 0.5791059936225658;
    ( PI, EPC ) 0.1550211557562472, 0.2759962020276272, 0.5689826422161257;
    ( PI, EPI ) 0.13444573021264947, 0.2742045864596165, 0.591349683327734;
    ( PI, N ) 0.21490885810100097, 0.27809380175531245, 0.5069973401436866;
    ( PI, NAP ) 0.1225543079128237, 0.27790355502205744, 0.5995421370651188;
    ( PI, NS ) 0.14049490538573509, 0.2963198068661909, 0.563185287748074;
    ( PI, P ) 0.1167919799498747, 0.3000192789666474, 0.583188741083478;
    ( PI, PC ) 0.17736892859299913, 0.32395201575496735, 0.4986790556520334;
    ( PI, PI ) 0.24431653797396038, 0.2813054313257598, 0.47437803070027973;
    ( PI, SBC ) 0.16290912202610808, 0.31704278372308387, 0.5200480942508081;
    ( PI, SBI ) 0.18092067833219205, 0.3260617371977827, 0.49301758447002514;
    ( PI, TC ) 0.11304147322398558, 0.3026840310572502, 0.5842744957187643;
    ( PI, TI ) 0.12859681752428187, 0.30000413308534823, 0.5713990493903699;
    ( SBC, EPC ) 0.09196838814145444, 0.3089325706259792, 0.5990990412325664;
    ( SBC, EPI ) 0.09301179438730213, 0.3089937318409315, 0.5979944737717664;
    ( SBC, N ) 0.13515828059946752, 0.2935163020722237, 0.5713254173283088;
    ( SBC, NAP ) 0.12656717683633134, 0.25812040929214203, 0.6153124138715267;
    ( SBC, NS ) 0.14057279494688565, 0.27621909973734887, 0.5832081053157655;
    ( SBC, P ) 0.05975552926838011, 0.25000640109791633, 0.6902380696337036;
    ( SBC, PC ) 0.14016431788630104, 0.3219032140761125, 0.5379324680375863;
    ( SBC, PI ) 0.1505237539294147, 0.3095820252087454, 0.5398942208618398;
    ( SBC, SBC ) 0.20791136010956948, 0.29072941733025454, 0.501359222560176;
    ( SBC, SBI ) 0.1772494737769631, 0.3092299877897884, 0.5135205384332485;
    ( SBC, TC ) 0.1065502224048173, 0.3087308599231904, 0.5847189176719922;
    ( SBC, TI ) 0.09462950074329254, 0.32194870957415234, 0.5834217896825552;
    ( SBI, EPC ) 0.11491272053498099, 0.2981375947781486, 0.5869496846868704;
    ( SBI, EPI ) 0.12405966879138453, 0.2938957430549114, 0.5820445881537042;
    ( SBI, N ) 0.17721947833857998, 0.30854498473619346, 0.5142355369252265;
    ( SBI, NAP ) 0.09920021076798587, 0.3024407685504056, 0.5983590206816086;
    ( SBI, NS ) 0.13945722469005106, 0.3040281583113033, 0.5565146169986457;
    ( SBI, P ) 0.07819421091645423, 0.312505649870731, 0.6093001392128148;
    ( SBI, PC ) 0.15658229647143942, 0.33401879441811627, 0.5093989091104442;
    ( SBI, PI ) 0.17639024113366095, 0.32370977539080825, 0.49989998347553066;
    ( SBI, SBC ) 0.16946502253598675, 0.3151056908327474, 0.5154292866312657;
    ( SBI, SBI ) 0.20931842291727118, 0.3065012590667795, 0.4841803180159493;
    ( SBI, TC ) 0.105342637881736, 0.32794956947770015, 0.5667077926405638;
    ( SBI, TI ) 0.11232432195400031, 0.3531790404776, 0.5344966375683997;
    ( TC, EPC ) 0.08449663886196301, 0.28536108502106666, 0.6301422761169704;
    ( TC, EPI ) 0.06123367143335966, 0.298349091089051, 0.6404172374775893;
    ( TC, N ) 0.10323127990972514, 0.24912072615252828, 0.6476479939377466;
    ( TC, NAP ) 0.09623407665477512, 0.21478370499405425, 0.6889822183511707;
    ( TC, NS ) 0.09449586560666164, 0.25736117660119123, 0.6481429577921471;
    ( TC, P ) 0.03962415492150796, 0.24753065199954166, 0.7128451930789503;
    ( TC, PC ) 0.07681175652779927, 0.29493189967981026, 0.6282563437923905;
    ( TC, PI ) 0.09394924275471961, 0.2852301472832573, 0.6208206099620232;
    ( TC, SBC ) 0.12919934571032818, 0.2959307188269246, 0.5748699354627471;
    ( TC, SBI ) 0.1031448062353794, 0.28039680262089584, 0.6164583911437248;
    ( TC, TC ) 0.11002859739187555, 0.3068301682061011, 0.5831412344020233;
    ( TC, TI ) 0.08715893893465645, 0.2614594257113392, 0.6513816353540044;
    ( TI, EPC ) 0.0713667949062062, 0.3012895070692333, 0.6273436980245605;
    ( TI, EPI ) 0.0872843003990545, 0.2688732032994328, 0.6438424963015127;
    ( TI, N ) 0.13718177610262514, 0.32571579713019905, 0.5371024267671758;
    ( TI, NAP ) 0.08337587783488194, 0.2892231941277243, 0.6274009280373938;
    ( TI, NS ) 0.10938512497325124, 0.2630240121040053, 0.6275908629227436;
    ( TI, P ) 0.036840403627886396, 0.31618084979665456, 0.646978746575459;
    ( TI, PC ) 0.0828985507246377, 0.32612657699927017, 0.5909748722760922;
    ( TI, PI ) 0.10953306052714974, 0.3297620523842985, 0.5607048870885518;
    ( TI, SBC ) 0.12240703964649978, 0.30054686281206383, 0.5770460975414364;
    ( TI, SBI ) 0.09785269172287478, 0.3124597030520739, 0.5896876052250514;
    ( TI, TC ) 0.09058837429504749, 0.32494629131325437, 0.5844653343916981;
    ( TI, TI ) 0.09994399987586874, 0.2839742314794048, 0.6160817686447264;

}
probability ( Puntaje_obtenido | Educacion_Madre, Educacion_Padre, cole_naturaleza, estu_genero, fami_estratovivienda ) {
    ( EPC, EPC, No_oficial, 0, 0 ) 0.42857323622154847, 0.5714267637784515;
    ( EPC, EPC, No_oficial, 0, 1 ) 0.3557058989002501, 0.6442941010997498;
    ( EPC, EPC, No_oficial, 0, 2 ) 0.45222942513652686, 0.5477705748634731;
    ( EPC, EPC, No_oficial, 0, 3 ) 0.4866141993692207, 0.5133858006307793;
    ( EPC, EPC, No_oficial, 0, 4 ) 0.532289549820735, 0.46771045017926505;
    ( EPC, EPC, No_oficial, 0, 5 ) 0.5606554910897611, 0.43934450891023896;
    ( EPC, EPC, No_oficial, 0, 6 ) 0.5422531521319572, 0.45774684786804276;
    ( EPC, EPC, No_oficial, 1, 0 ) 0.2812584767765386, 0.7187415232234614;
    ( EPC, EPC, No_oficial, 1, 1 ) 0.41011298576984007, 0.5898870142301599;
    ( EPC, EPC, No_oficial, 1, 2 ) 0.4375001730016647, 0.5624998269983353;
    ( EPC, EPC, No_oficial, 1, 3 ) 0.47731097165747205, 0.522689028342528;
    ( EPC, EPC, No_oficial, 1, 4 ) 0.5384614393030411, 0.4615385606969589;
    ( EPC, EPC, No_oficial, 1, 5 ) 0.5580521648341135, 0.4419478351658866;
    ( EPC, EPC, No_oficial, 1, 6 ) 0.5789466323301526, 0.4210533676698473;
    ( EPC, EPC, Oficial, 0, 0 ) 0.11765170727674586, 0.8823482927232541;
    ( EPC, EPC, Oficial, 0, 1 ) 0.285377986198893, 0.714622013801107;
    ( EPC, EPC, Oficial, 0, 2 ) 0.2996328096897392, 0.7003671903102607;
    ( EPC, EPC, Oficial, 0, 3 ) 0.3133212598432525, 0.6866787401567476;
    ( EPC, EPC, Oficial, 0, 4 ) 0.25099724614811514, 0.7490027538518849;
    ( EPC, EPC, Oficial, 0, 5 ) 0.10588810270625135, 0.8941118972937486;
    ( EPC, EPC, Oficial, 0, 6 ) 2.8182033390073156e-05, 0.9999718179666098;
    ( EPC, EPC, Oficial, 1, 0 ) 0.09009466950578361, 0.9099053304942163;
    ( EPC, EPC, Oficial, 1, 1 ) 0.216705081959779, 0.783294918040221;
    ( EPC, EPC, Oficial, 1, 2 ) 0.28395108980210826, 0.7160489101978917;
    ( EPC, EPC, Oficial, 1, 3 ) 0.31337371543194503, 0.686626284568055;
    ( EPC, EPC, Oficial, 1, 4 ) 0.24444585292188648, 0.7555541470781135;
    ( EPC, EPC, Oficial, 1, 5 ) 0.13560087938695128, 0.8643991206130488;
    ( EPC, EPC, Oficial, 1, 6 ) 0.04350287359420321, 0.9564971264057968;
    ( EPC, EPI, No_oficial, 0, 0 ) 0.6665978018345592, 0.3334021981654409;
    ( EPC, EPI, No_oficial, 0, 1 ) 0.4166695371218749, 0.5833304628781251;
    ( EPC, EPI, No_oficial, 0, 2 ) 0.5263155441100509, 0.47368445588994906;
    ( EPC, EPI, No_oficial, 0, 3 ) 0.5077719707882871, 0.49222802921171294;
    ( EPC, EPI, No_oficial, 0, 4 ) 0.541283933987572, 0.458716066012428;
    ( EPC, EPI, No_oficial, 0, 5 ) 0.5853632717748326, 0.4146367282251674;
    ( EPC, EPI, No_oficial, 0, 6 ) 0.769205089563343, 0.23079491043665706;
    ( EPC, EPI, No_oficial, 1, 0 ) 0.00030982773577890697, 0.9996901722642212;
    ( EPC, EPI, No_oficial, 1, 1 ) 0.4516148387561301, 0.5483851612438698;
    ( EPC, EPI, No_oficial, 1, 2 ) 0.4224146225174624, 0.5775853774825375;
    ( EPC, EPI, No_oficial, 1, 3 ) 0.48571438694453695, 0.514285613055463;
    ( EPC, EPI, No_oficial, 1, 4 ) 0.6071416708555788, 0.3928583291444211;
    ( EPC, EPI, No_oficial, 1, 5 ) 0.5806419354064497, 0.4193580645935502;
    ( EPC, EPI, No_oficial, 1, 6 ) 0.8570795989939424, 0.14292040100605763;
    ( EPC, EPI, Oficial, 0, 0 ) 3.874947688206208e-05, 0.9999612505231178;
    ( EPC, EPI, Oficial, 0, 1 ) 0.250004843966162, 0.749995156033838;
    ( EPC, EPI, Oficial, 0, 2 ) 0.33544432950690745, 0.6645556704930925;
    ( EPC, EPI, Oficial, 0, 3 ) 0.4025981869219384, 0.5974018130780615;
    ( EPC, EPI, Oficial, 0, 4 ) 0.2973040907841731, 0.7026959092158269;
    ( EPC, EPI, Oficial, 0, 5 ) 0.14292040100605763, 0.8570795989939424;
    ( EPC, EPI, Oficial, 0, 6 ) 0.0006192717364379488, 0.999380728263562;
    ( EPC, EPI, Oficial, 1, 0 ) 6.199628022318661e-05, 0.9999380037197768;
    ( EPC, EPI, Oficial, 1, 1 ) 0.2178252467236523, 0.7821747532763477;
    ( EPC, EPI, Oficial, 1, 2 ) 0.24683743001062688, 0.753162569989373;
    ( EPC, EPI, Oficial, 1, 3 ) 0.3507476498862654, 0.6492523501137346;
    ( EPC, EPI, Oficial, 1, 4 ) 0.5714254081009026, 0.42857459189909736;
    ( EPC, EPI, Oficial, 1, 5 ) 6.199628022318661e-05, 0.9999380037197768;
    ( EPC, EPI, Oficial, 1, 6 ) 0.00020659449632261798, 0.9997934055036775;
    ( EPC, N, No_oficial, 0, 0 ) 0.0006192717364379488, 0.999380728263562;
    ( EPC, N, No_oficial, 0, 1 ) 0.5, 0.5;
    ( EPC, N, No_oficial, 0, 2 ) 4.133256179217988e-05, 0.9999586674382078;
    ( EPC, N, No_oficial, 0, 3 ) 0.11767494784752512, 0.8823250521524749;
    ( EPC, N, No_oficial, 0, 4 ) 0.0006192717364379488, 0.999380728263562;
    ( EPC, N, No_oficial, 0, 5 ) 0.5, 0.5;
    ( EPC, N, No_oficial, 0, 6 ) 0.5, 0.5;
    ( EPC, N, No_oficial, 1, 0 ) 0.5, 0.5;
    ( EPC, N, No_oficial, 1, 1 ) 0.0001549618793776731, 0.9998450381206223;
    ( EPC, N, No_oficial, 1, 2 ) 0.0001549618793776731, 0.9998450381206223;
    ( EPC, N, No_oficial, 1, 3 ) 0.00030982773577890697, 0.9996901722642212;
    ( EPC, N, No_oficial, 1, 4 ) 0.00030982773577890697, 0.9996901722642212;
    ( EPC, N, No_oficial, 1, 5 ) 0.5, 0.5;
    ( EPC, N, No_oficial, 1, 6 ) 0.0006192717364379488, 0.999380728263562;
    ( EPC, N, Oficial, 0, 0 ) 0.00020659449632261798, 0.9997934055036775;
    ( EPC, N, Oficial, 0, 1 ) 0.12501937523896126, 0.8749806247610387;
    ( EPC, N, Oficial, 0, 2 ) 0.1282169497561255, 0.8717830502438746;
    ( EPC, N, Oficial, 0, 3 ) 0.10528891963504886, 0.8947110803649511;
    ( EPC, N, Oficial, 0, 4 ) 0.00020659449632261798, 0.9997934055036775;
    ( EPC, N, Oficial, 0, 5 ) 0.0006192717364379488, 0.999380728263562;
    ( EPC, N, Oficial, 0, 6 ) 0.00030982773577890697, 0.9996901722642212;
    ( EPC, N, Oficial, 1, 0 ) 0.0001033185932140348, 0.999896681406786;
    ( EPC, N, Oficial, 1, 1 ) 0.03848355065482606, 0.9615164493451739;
    ( EPC, N, Oficial, 1, 2 ) 3.2631537728583916e-05, 0.9999673684622713;
    ( EPC, N, Oficial, 1, 3 ) 0.08337638719543698, 0.9166236128045631;
    ( EPC, N, Oficial, 1, 4 ) 0.11116468740528478, 0.8888353125947153;
    ( EPC, N, Oficial, 1, 5 ) 0.00030982773577890697, 0.9996901722642212;
    ( EPC, N, Oficial, 1, 6 ) 0.5, 0.5;
    ( EPC, NAP, No_oficial, 0, 0 ) 0.999380728263562, 0.0006192717364379488;
    ( EPC, NAP, No_oficial, 0, 1 ) 0.5, 0.5;
    ( EPC, NAP, No_oficial, 0, 2 ) 0.3703763238387419, 0.629623676161258;
    ( EPC, NAP, No_oficial, 0, 3 ) 0.5, 0.5;
    ( EPC, NAP, No_oficial, 0, 4 ) 0.647048096981721, 0.3529519030182789;
    ( EPC, NAP, No_oficial, 0, 5 ) 0.5, 0.5;
    ( EPC, NAP, No_oficial, 0, 6 ) 0.5, 0.5;
    ( EPC, NAP, No_oficial, 1, 0 ) 0.0006192717364379488, 0.999380728263562;
    ( EPC, NAP, No_oficial, 1, 1 ) 0.41177114181096736, 0.5882288581890327;
    ( EPC, NAP, No_oficial, 1, 2 ) 0.4666680444756747, 0.5333319555243252;
    ( EPC, NAP, No_oficial, 1, 3 ) 0.4642865051351435, 0.5357134948648565;
    ( EPC, NAP, No_oficial, 1, 4 ) 0.5909039669030199, 0.40909603309698;
    ( EPC, NAP, No_oficial, 1, 5 ) 0.7142477593963654, 0.2857522406036346;
    ( EPC, NAP, No_oficial, 1, 6 ) 0.5, 0.5;
    ( EPC, NAP, Oficial, 0, 0 ) 0.14292040100605763, 0.8570795989939424;
    ( EPC, NAP, Oficial, 0, 1 ) 0.238110703024434, 0.761889296975566;
    ( EPC, NAP, Oficial, 0, 2 ) 0.33871290336774823, 0.6612870966322518;
    ( EPC, NAP, Oficial, 0, 3 ) 0.36735029584001866, 0.6326497041599813;
    ( EPC, NAP, Oficial, 0, 4 ) 0.33336777286440467, 0.6666322271355953;
    ( EPC, NAP, Oficial, 0, 5 ) 0.0006192717364379488, 0.999380728263562;
    ( EPC, NAP, Oficial, 0, 6 ) 0.5, 0.5;
    ( EPC, NAP, Oficial, 1, 0 ) 6.88838067946987e-05, 0.9999311161932053;
    ( EPC, NAP, Oficial, 1, 1 ) 0.2750069752301826, 0.7249930247698174;
    ( EPC, NAP, Oficial, 1, 2 ) 0.2631617591870434, 0.7368382408129567;
    ( EPC, NAP, Oficial, 1, 3 ) 0.3333369592175052, 0.6666630407824948;
    ( EPC, NAP, Oficial, 1, 4 ) 0.5714159197987885, 0.4285840802012115;
    ( EPC, NAP, Oficial, 1, 5 ) 0.40002479543763947, 0.5999752045623605;
    ( EPC, NAP, Oficial, 1, 6 ) 0.00020659449632261798, 0.9997934055036775;
    ( EPC, NS, No_oficial, 0, 0 ) 0.14292040100605763, 0.8570795989939424;
    ( EPC, NS, No_oficial, 0, 1 ) 0.36111589520312487, 0.6388841047968751;
    ( EPC, NS, No_oficial, 0, 2 ) 0.48750009688044954, 0.5124999031195505;
    ( EPC, NS, No_oficial, 0, 3 ) 0.5121950604762485, 0.4878049395237514;
    ( EPC, NS, No_oficial, 0, 4 ) 0.511278090332879, 0.48872190966712103;
    ( EPC, NS, No_oficial, 0, 5 ) 0.7272663220846274, 0.2727336779153726;
    ( EPC, NS, No_oficial, 0, 6 ) 0.5454494217372681, 0.45455057826273193;
    ( EPC, NS, No_oficial, 1, 0 ) 0.2500774809396889, 0.7499225190603112;
    ( EPC, NS, No_oficial, 1, 1 ) 0.2777854323249998, 0.7222145676750001;
    ( EPC, NS, No_oficial, 1, 2 ) 0.41095966039101234, 0.5890403396089876;
    ( EPC, NS, No_oficial, 1, 3 ) 0.4891775472757589, 0.5108224527242411;
    ( EPC, NS, No_oficial, 1, 4 ) 0.6052620128662274, 0.3947379871337726;
    ( EPC, NS, No_oficial, 1, 5 ) 0.5483851612438698, 0.4516148387561301;
    ( EPC, NS, No_oficial, 1, 6 ) 0.5454494217372681, 0.45455057826273193;
    ( EPC, NS, Oficial, 0, 0 ) 0.222241357931139, 0.777758642068861;
    ( EPC, NS, Oficial, 0, 1 ) 0.33035902114533344, 0.6696409788546666;
    ( EPC, NS, Oficial, 0, 2 ) 0.3410860351392584, 0.6589139648607417;
    ( EPC, NS, Oficial, 0, 3 ) 0.3612342382403425, 0.6387657617596576;
    ( EPC, NS, Oficial, 0, 4 ) 0.30952943330046234, 0.6904705666995377;
    ( EPC, NS, Oficial, 0, 5 ) 0.09095520436458733, 0.9090447956354127;
    ( EPC, NS, Oficial, 0, 6 ) 0.5, 0.5;
    ( EPC, NS, Oficial, 1, 0 ) 0.0952619955832162, 0.9047380044167838;
    ( EPC, NS, Oficial, 1, 1 ) 0.25268982088306396, 0.7473101791169361;
    ( EPC, NS, Oficial, 1, 2 ) 0.3052218535757436, 0.6947781464242564;
    ( EPC, NS, Oficial, 1, 3 ) 0.2747760328630368, 0.7252239671369632;
    ( EPC, NS, Oficial, 1, 4 ) 0.3333379260933065, 0.6666620739066935;
    ( EPC, NS, Oficial, 1, 5 ) 0.2857522406036346, 0.7142477593963654;
    ( EPC, NS, Oficial, 1, 6 ) 0.00030982773577890697, 0.9996901722642212;
    ( EPC, P, No_oficial, 0, 0 ) 0.5, 0.5;
    ( EPC, P, No_oficial, 0, 1 ) 0.6666494451218252, 0.3333505548781748;
    ( EPC, P, No_oficial, 0, 2 ) 0.6865637111371873, 0.3134362888628128;
    ( EPC, P, No_oficial, 0, 3 ) 0.7150823088316594, 0.28491769116834065;
    ( EPC, P, No_oficial, 0, 4 ) 0.7763953866322014, 0.22360461336779852;
    ( EPC, P, No_oficial, 0, 5 ) 0.7906934827559357, 0.2093065172440643;
    ( EPC, P, No_oficial, 0, 6 ) 0.8157791686518167, 0.18422083134818332;
    ( EPC, P, No_oficial, 1, 0 ) 0.7499225190603112, 0.2500774809396889;
    ( EPC, P, No_oficial, 1, 1 ) 0.6249806267629646, 0.37501937323703544;
    ( EPC, P, No_oficial, 1, 2 ) 0.6712299679623294, 0.32877003203767063;
    ( EPC, P, No_oficial, 1, 3 ) 0.6733319003645803, 0.32666809963541965;
    ( EPC, P, No_oficial, 1, 4 ) 0.7530844824392328, 0.2469155175607672;
    ( EPC, P, No_oficial, 1, 5 ) 0.8450643956727226, 0.15493560432727743;
    ( EPC, P, No_oficial, 1, 6 ) 0.8610986724718752, 0.1389013275281247;
    ( EPC, P, Oficial, 0, 0 ) 0.0001549618793776731, 0.9998450381206223;
    ( EPC, P, Oficial, 0, 1 ) 0.320008928128565, 0.6799910718714349;
    ( EPC, P, Oficial, 0, 2 ) 0.5967722579793511, 0.403227742020649;
    ( EPC, P, Oficial, 0, 3 ) 0.5465109572409497, 0.4534890427590503;
    ( EPC, P, Oficial, 0, 4 ) 0.5862032103854344, 0.41379678961456556;
    ( EPC, P, Oficial, 0, 5 ) 0.1667355457288094, 0.8332644542711907;
    ( EPC, P, Oficial, 0, 6 ) 0.5, 0.5;
    ( EPC, P, Oficial, 1, 0 ) 0.00030982773577890697, 0.9996901722642212;
    ( EPC, P, Oficial, 1, 1 ) 0.41379678961456556, 0.5862032103854344;
    ( EPC, P, Oficial, 1, 2 ) 0.3950633349357159, 0.6049366650642841;
    ( EPC, P, Oficial, 1, 3 ) 0.48148176498865575, 0.5185182350113443;
    ( EPC, P, Oficial, 1, 4 ) 0.6666568253480875, 0.33334317465191254;
    ( EPC, P, Oficial, 1, 5 ) 0.7499225190603112, 0.2500774809396889;
    ( EPC, P, Oficial, 1, 6 ) 0.9996901722642212, 0.00030982773577890697;
    ( EPC, PC, No_oficial, 0, 0 ) 0.3334021981654409, 0.6665978018345592;
    ( EPC, PC, No_oficial, 0, 1 ) 0.10004959702417857, 0.8999504029758215;
    ( EPC, PC, No_oficial, 0, 2 ) 0.24000644825277154, 0.7599935517472285;
    ( EPC, PC, No_oficial, 0, 3 ) 0.2592647876068396, 0.7407352123931604;
    ( EPC, PC, No_oficial, 0, 4 ) 0.12502906210766154, 0.8749709378923385;
    ( EPC, PC, No_oficial, 0, 5 ) 0.3334021981654409, 0.6665978018345592;
    ( EPC, PC, No_oficial, 0, 6 ) 0.0006192717364379488, 0.999380728263562;
    ( EPC, PC, No_oficial, 1, 0 ) 0.5, 0.5;
    ( EPC, PC, No_oficial, 1, 1 ) 0.15002170004340004, 0.8499782999565999;
    ( EPC, PC, No_oficial, 1, 2 ) 0.19149750143792643, 0.8085024985620736;
    ( EPC, PC, No_oficial, 1, 3 ) 0.4255338796574305, 0.5744661203425695;
    ( EPC, PC, No_oficial, 1, 4 ) 0.5555479017992451, 0.444452098200755;
    ( EPC, PC, No_oficial, 1, 5 ) 0.20007438631291846, 0.7999256136870816;
    ( EPC, PC, No_oficial, 1, 6 ) 0.0006192717364379488, 0.999380728263562;
    ( EPC, PC, Oficial, 0, 0 ) 0.14288877473296369, 0.8571112252670363;
    ( EPC, PC, Oficial, 0, 1 ) 0.26316098630709184, 0.7368390136929082;
    ( EPC, PC, Oficial, 0, 2 ) 0.23077179895643546, 0.7692282010435645;
    ( EPC, PC, Oficial, 0, 3 ) 0.23611565607680096, 0.763884343923199;
    ( EPC, PC, Oficial, 0, 4 ) 0.0769634306861754, 0.9230365693138246;
    ( EPC, PC, Oficial, 0, 5 ) 0.2000371977681339, 0.7999628022318661;
    ( EPC, PC, Oficial, 0, 6 ) 0.00030982773577890697, 0.9996901722642212;
    ( EPC, PC, Oficial, 1, 0 ) 5.636089005117569e-05, 0.9999436391099489;
    ( EPC, PC, Oficial, 1, 1 ) 0.15322927438081657, 0.8467707256191834;
    ( EPC, PC, Oficial, 1, 2 ) 0.19463341395169223, 0.8053665860483078;
    ( EPC, PC, Oficial, 1, 3 ) 0.15909571304967854, 0.8409042869503214;
    ( EPC, PC, Oficial, 1, 4 ) 0.18185404783912346, 0.8181459521608765;
    ( EPC, PC, Oficial, 1, 5 ) 7.74929481417191e-05, 0.9999225070518583;
    ( EPC, PC, Oficial, 1, 6 ) 0.00030982773577890697, 0.9996901722642212;
    ( EPC, PI, No_oficial, 0, 0 ) 0.0001549618793776731, 0.9998450381206223;
    ( EPC, PI, No_oficial, 0, 1 ) 0.17649418664021357, 0.8235058133597865;
    ( EPC, PI, No_oficial, 0, 2 ) 0.2592647876068396, 0.7407352123931604;
    ( EPC, PI, No_oficial, 0, 3 ) 0.33333763905322394, 0.6666623609467761;
    ( EPC, PI, No_oficial, 0, 4 ) 0.47059038060365577, 0.5294096193963442;
    ( EPC, PI, No_oficial, 0, 5 ) 0.33336777286440467, 0.6666322271355953;
    ( EPC, PI, No_oficial, 0, 6 ) 0.5, 0.5;
    ( EPC, PI, No_oficial, 1, 0 ) 0.0001549618793776731, 0.9998450381206223;
    ( EPC, PI, No_oficial, 1, 1 ) 0.250011071646841, 0.7499889283531589;
    ( EPC, PI, No_oficial, 1, 2 ) 0.2381003932745718, 0.7618996067254282;
    ( EPC, PI, No_oficial, 1, 3 ) 0.42307875747010765, 0.5769212425298923;
    ( EPC, PI, No_oficial, 1, 4 ) 0.6363482652118042, 0.3636517347881958;
    ( EPC, PI, No_oficial, 1, 5 ) 0.1667355457288094, 0.8332644542711907;
    ( EPC, PI, No_oficial, 1, 6 ) 0.5, 0.5;
    ( EPC, PI, Oficial, 0, 0 ) 0.10002480004960007, 0.8999751999503999;
    ( EPC, PI, Oficial, 0, 1 ) 0.1696465148619652, 0.8303534851380348;
    ( EPC, PI, Oficial, 0, 2 ) 0.22819018164930843, 0.7718098183506915;
    ( EPC, PI, Oficial, 0, 3 ) 0.16000562160017195, 0.839994378399828;
    ( EPC, PI, Oficial, 0, 4 ) 0.05266077558638873, 0.9473392244136112;
    ( EPC, PI, Oficial, 0, 5 ) 0.0001549618793776731, 0.9998450381206223;
    ( EPC, PI, Oficial, 0, 6 ) 0.0006192717364379488, 0.999380728263562;
    ( EPC, PI, Oficial, 1, 0 ) 0.03335262265944695, 0.966647377340553;
    ( EPC, PI, Oficial, 1, 1 ) 0.1071453427089489, 0.8928546572910512;
    ( EPC, PI, Oficial, 1, 2 ) 0.16346354486496928, 0.8365364551350307;
    ( EPC, PI, Oficial, 1, 3 ) 0.14444934345591576, 0.8555506565440841;
    ( EPC, PI, Oficial, 1, 4 ) 0.238110703024434, 0.761889296975566;
    ( EPC, PI, Oficial, 1, 5 ) 7.74929481417191e-05, 0.9999225070518583;
    ( EPC, PI, Oficial, 1, 6 ) 0.00030982773577890697, 0.9996901722642212;
    ( EPC, SBC, No_oficial, 0, 0 ) 0.4166752774390874, 0.5833247225609126;
    ( EPC, SBC, No_oficial, 0, 1 ) 0.28915977660976333, 0.7108402233902367;
    ( EPC, SBC, No_oficial, 0, 2 ) 0.38566601291200725, 0.6143339870879928;
    ( EPC, SBC, No_oficial, 0, 3 ) 0.40217424269484514, 0.5978257573051549;
    ( EPC, SBC, No_oficial, 0, 4 ) 0.43888930990058767, 0.5611106900994124;
    ( EPC, SBC, No_oficial, 0, 5 ) 0.4285730102702871, 0.571426989729713;
    ( EPC, SBC, No_oficial, 0, 6 ) 0.32143647974774353, 0.6785635202522564;
    ( EPC, SBC, No_oficial, 1, 0 ) 0.11767494784752512, 0.8823250521524749;
    ( EPC, SBC, No_oficial, 1, 1 ) 0.30508679413427603, 0.6949132058657239;
    ( EPC, SBC, No_oficial, 1, 2 ) 0.3527403514166148, 0.6472596485833852;
    ( EPC, SBC, No_oficial, 1, 3 ) 0.41925496934859113, 0.5807450306514089;
    ( EPC, SBC, No_oficial, 1, 4 ) 0.4516132903442593, 0.5483867096557408;
    ( EPC, SBC, No_oficial, 1, 5 ) 0.48936198280820437, 0.5106380171917957;
    ( EPC, SBC, No_oficial, 1, 6 ) 0.5263140720243301, 0.47368592797566994;
    ( EPC, SBC, Oficial, 0, 0 ) 0.042865241191163694, 0.9571347588088363;
    ( EPC, SBC, Oficial, 0, 1 ) 0.2485723194007958, 0.7514276805992043;
    ( EPC, SBC, Oficial, 0, 2 ) 0.27108490737526647, 0.7289150926247335;
    ( EPC, SBC, Oficial, 0, 3 ) 0.30174624900345554, 0.6982537509965445;
    ( EPC, SBC, Oficial, 0, 4 ) 0.1333367014191889, 0.866663298580811;
    ( EPC, SBC, Oficial, 0, 5 ) 0.10001653370809736, 0.8999834662919026;
    ( EPC, SBC, Oficial, 0, 6 ) 0.08337638719543698, 0.9166236128045631;
    ( EPC, SBC, Oficial, 1, 0 ) 1.0000440019360852e-05, 0.9999899995599807;
    ( EPC, SBC, Oficial, 1, 1 ) 0.21445303986222153, 0.7855469601377785;
    ( EPC, SBC, Oficial, 1, 2 ) 0.27066174462321924, 0.7293382553767808;
    ( EPC, SBC, Oficial, 1, 3 ) 0.2531977136941752, 0.7468022863058248;
    ( EPC, SBC, Oficial, 1, 4 ) 0.24770929229817085, 0.7522907077018292;
    ( EPC, SBC, Oficial, 1, 5 ) 0.06453354880517131, 0.9354664511948286;
    ( EPC, SBC, Oficial, 1, 6 ) 0.05885570905483668, 0.9411442909451633;
    ( EPC, SBI, No_oficial, 0, 0 ) 0.22226049100377482, 0.7777395089962251;
    ( EPC, SBI, No_oficial, 0, 1 ) 0.25641800156435807, 0.7435819984356419;
    ( EPC, SBI, No_oficial, 0, 2 ) 0.40131659457404434, 0.5986834054259557;
    ( EPC, SBI, No_oficial, 0, 3 ) 0.37368503495042976, 0.6263149650495702;
    ( EPC, SBI, No_oficial, 0, 4 ) 0.4130446503427695, 0.5869553496572305;
    ( EPC, SBI, No_oficial, 0, 5 ) 0.48387161291871, 0.5161283870812899;
    ( EPC, SBI, No_oficial, 0, 6 ) 0.6999752014879107, 0.30002479851208924;
    ( EPC, SBI, No_oficial, 1, 0 ) 0.33336777286440467, 0.6666322271355953;
    ( EPC, SBI, No_oficial, 1, 1 ) 0.13637388466459618, 0.8636261153354039;
    ( EPC, SBI, No_oficial, 1, 2 ) 0.3475190715493116, 0.6524809284506884;
    ( EPC, SBI, No_oficial, 1, 3 ) 0.35593321273587614, 0.6440667872641238;
    ( EPC, SBI, No_oficial, 1, 4 ) 0.4142872327233432, 0.5857127672766568;
    ( EPC, SBI, No_oficial, 1, 5 ) 0.35715550989318545, 0.6428444901068145;
    ( EPC, SBI, No_oficial, 1, 6 ) 0.6665978018345592, 0.3334021981654409;
    ( EPC, SBI, Oficial, 0, 0 ) 0.04546735583074521, 0.9545326441692549;
    ( EPC, SBI, Oficial, 0, 1 ) 0.24083937895150997, 0.75916062104849;
    ( EPC, SBI, Oficial, 0, 2 ) 0.24138031570198717, 0.7586196842980129;
    ( EPC, SBI, Oficial, 0, 3 ) 0.28181941164202495, 0.718180588357975;
    ( EPC, SBI, Oficial, 0, 4 ) 0.26154301085525694, 0.7384569891447431;
    ( EPC, SBI, Oficial, 0, 5 ) 0.23079491043665706, 0.769205089563343;
    ( EPC, SBI, Oficial, 0, 6 ) 0.0001239771881973717, 0.9998760228118027;
    ( EPC, SBI, Oficial, 1, 0 ) 0.031268164521154156, 0.9687318354788458;
    ( EPC, SBI, Oficial, 1, 1 ) 0.1853465094625033, 0.8146534905374967;
    ( EPC, SBI, Oficial, 1, 2 ) 0.2341148151128136, 0.7658851848871865;
    ( EPC, SBI, Oficial, 1, 3 ) 0.22666817312514814, 0.7733318268748519;
    ( EPC, SBI, Oficial, 1, 4 ) 0.15625666045347275, 0.8437433395465272;
    ( EPC, SBI, Oficial, 1, 5 ) 5.636089005117569e-05, 0.9999436391099489;
    ( EPC, SBI, Oficial, 1, 6 ) 0.0001239771881973717, 0.9998760228118027;
    ( EPC, TC, No_oficial, 0, 0 ) 0.3333562946022649, 0.6666437053977351;
    ( EPC, TC, No_oficial, 0, 1 ) 0.36735029584001866, 0.6326497041599813;
    ( EPC, TC, No_oficial, 0, 2 ) 0.5081080537587559, 0.4918919462412441;
    ( EPC, TC, No_oficial, 0, 3 ) 0.46122468605904776, 0.5387753139409522;
    ( EPC, TC, No_oficial, 0, 4 ) 0.5999986221530237, 0.4000013778469763;
    ( EPC, TC, No_oficial, 0, 5 ) 0.5161283870812899, 0.48387161291871;
    ( EPC, TC, No_oficial, 0, 6 ) 0.6666322271355953, 0.33336777286440467;
    ( EPC, TC, No_oficial, 1, 0 ) 0.6666322271355953, 0.33336777286440467;
    ( EPC, TC, No_oficial, 1, 1 ) 0.47058895043207205, 0.529411049567928;
    ( EPC, TC, No_oficial, 1, 2 ) 0.470873961740772, 0.529126038259228;
    ( EPC, TC, No_oficial, 1, 3 ) 0.47619060400666957, 0.5238093959933304;
    ( EPC, TC, No_oficial, 1, 4 ) 0.47474779105801246, 0.5252522089419875;
    ( EPC, TC, No_oficial, 1, 5 ) 0.733314044804497, 0.26668595519550303;
    ( EPC, TC, No_oficial, 1, 6 ) 0.3334021981654409, 0.6665978018345592;
    ( EPC, TC, Oficial, 0, 0 ) 0.10528891963504886, 0.8947110803649511;
    ( EPC, TC, Oficial, 0, 1 ) 0.2934147076775936, 0.7065852923224063;
    ( EPC, TC, Oficial, 0, 2 ) 0.33566504821112825, 0.6643349517888718;
    ( EPC, TC, Oficial, 0, 3 ) 0.3632819122706228, 0.6367180877293772;
    ( EPC, TC, Oficial, 0, 4 ) 0.2656295412182769, 0.7343704587817231;
    ( EPC, TC, Oficial, 0, 5 ) 0.444452098200755, 0.5555479017992451;
    ( EPC, TC, Oficial, 0, 6 ) 8.856140848064047e-05, 0.9999114385915194;
    ( EPC, TC, Oficial, 1, 0 ) 0.1666896295173668, 0.8333103704826332;
    ( EPC, TC, Oficial, 1, 1 ) 0.21795021266718462, 0.7820497873328154;
    ( EPC, TC, Oficial, 1, 2 ) 0.3087825414300981, 0.6912174585699019;
    ( EPC, TC, Oficial, 1, 3 ) 0.33464647658067853, 0.6653535234193215;
    ( EPC, TC, Oficial, 1, 4 ) 0.20588771650843787, 0.7941122834915622;
    ( EPC, TC, Oficial, 1, 5 ) 0.3636517347881958, 0.6363482652118042;
    ( EPC, TC, Oficial, 1, 6 ) 0.0001549618793776731, 0.9998450381206223;
    ( EPC, TI, No_oficial, 0, 0 ) 0.0006192717364379488, 0.999380728263562;
    ( EPC, TI, No_oficial, 0, 1 ) 0.43750484368461023, 0.5624951563153897;
    ( EPC, TI, No_oficial, 0, 2 ) 0.27660163897229156, 0.7233983610277085;
    ( EPC, TI, No_oficial, 0, 3 ) 0.5116277393102374, 0.4883722606897626;
    ( EPC, TI, No_oficial, 0, 4 ) 0.5526298614419695, 0.44737013855803054;
    ( EPC, TI, No_oficial, 0, 5 ) 0.2500774809396889, 0.7499225190603112;
    ( EPC, TI, No_oficial, 0, 6 ) 0.7499225190603112, 0.2500774809396889;
    ( EPC, TI, No_oficial, 1, 0 ) 0.00020659449632261798, 0.9997934055036775;
    ( EPC, TI, No_oficial, 1, 1 ) 0.235313425432902, 0.764686574567098;
    ( EPC, TI, No_oficial, 1, 2 ) 0.3484876952618586, 0.6515123047381415;
    ( EPC, TI, No_oficial, 1, 3 ) 0.5157892675795273, 0.4842107324204728;
    ( EPC, TI, No_oficial, 1, 4 ) 0.2903309679432306, 0.7096690320567693;
    ( EPC, TI, No_oficial, 1, 5 ) 0.5714159197987885, 0.4285840802012115;
    ( EPC, TI, No_oficial, 1, 6 ) 0.00030982773577890697, 0.9996901722642212;
    ( EPC, TI, Oficial, 0, 0 ) 7.74929481417191e-05, 0.9999225070518583;
    ( EPC, TI, Oficial, 0, 1 ) 0.19513117223274076, 0.8048688277672593;
    ( EPC, TI, Oficial, 0, 2 ) 0.24324611166845786, 0.7567538883315421;
    ( EPC, TI, Oficial, 0, 3 ) 0.23333700759193682, 0.7666629924080631;
    ( EPC, TI, Oficial, 0, 4 ) 0.1666838891012989, 0.8333161108987011;
    ( EPC, TI, Oficial, 0, 5 ) 0.5, 0.5;
    ( EPC, TI, Oficial, 0, 6 ) 0.2500774809396889, 0.7499225190603112;
    ( EPC, TI, Oficial, 1, 0 ) 6.88838067946987e-05, 0.9999311161932053;
    ( EPC, TI, Oficial, 1, 1 ) 0.14815622804076553, 0.8518437719592346;
    ( EPC, TI, Oficial, 1, 2 ) 0.32231587059853195, 0.6776841294014679;
    ( EPC, TI, Oficial, 1, 3 ) 0.2941201500720939, 0.7058798499279061;
    ( EPC, TI, Oficial, 1, 4 ) 6.199628022318661e-05, 0.9999380037197768;
    ( EPC, TI, Oficial, 1, 5 ) 0.00030982773577890697, 0.9996901722642212;
    ( EPC, TI, Oficial, 1, 6 ) 0.00020659449632261798, 0.9997934055036775;
    ( EPI, EPC, No_oficial, 0, 0 ) 0.5, 0.5;
    ( EPI, EPC, No_oficial, 0, 1 ) 0.36364148773870625, 0.6363585122612937;
    ( EPI, EPC, No_oficial, 0, 2 ) 0.4485987265575564, 0.5514012734424436;
    ( EPI, EPC, No_oficial, 0, 3 ) 0.4431822185145363, 0.5568177814854637;
    ( EPI, EPC, No_oficial, 0, 4 ) 0.5425526301208665, 0.4574473698791334;
    ( EPI, EPC, No_oficial, 0, 5 ) 0.6285668733392382, 0.37143312666076167;
    ( EPI, EPC, No_oficial, 0, 6 ) 0.7499741676827378, 0.25002583231726216;
    ( EPI, EPC, No_oficial, 1, 0 ) 0.1250581197111063, 0.8749418802888937;
    ( EPI, EPC, No_oficial, 1, 1 ) 0.5483851612438698, 0.4516148387561301;
    ( EPI, EPC, No_oficial, 1, 2 ) 0.5, 0.5;
    ( EPI, EPC, No_oficial, 1, 3 ) 0.47191030805307504, 0.528089691946925;
    ( EPI, EPC, No_oficial, 1, 4 ) 0.5377354075952803, 0.46226459240471973;
    ( EPI, EPC, No_oficial, 1, 5 ) 0.67566978798705, 0.32433021201295;
    ( EPI, EPC, No_oficial, 1, 6 ) 0.5833247225609126, 0.4166752774390874;
    ( EPI, EPC, Oficial, 0, 0 ) 0.0555861726898224, 0.9444138273101775;
    ( EPI, EPC, Oficial, 0, 1 ) 0.3214312076127939, 0.6785687923872061;
    ( EPI, EPC, Oficial, 0, 2 ) 0.3631294398343986, 0.6368705601656014;
    ( EPI, EPC, Oficial, 0, 3 ) 0.37575850951096146, 0.6242414904890385;
    ( EPI, EPC, Oficial, 0, 4 ) 0.4250023250767275, 0.5749976749232725;
    ( EPI, EPC, Oficial, 0, 5 ) 0.2000371977681339, 0.7999628022318661;
    ( EPI, EPC, Oficial, 0, 6 ) 0.00030982773577890697, 0.9996901722642212;
    ( EPI, EPC, Oficial, 1, 0 ) 0.05885570905483668, 0.9411442909451633;
    ( EPI, EPC, Oficial, 1, 1 ) 0.25217658539741417, 0.7478234146025858;
    ( EPI, EPC, Oficial, 1, 2 ) 0.2790713602851585, 0.7209286397148414;
    ( EPI, EPC, Oficial, 1, 3 ) 0.34228319182120365, 0.6577168081787963;
    ( EPI, EPC, Oficial, 1, 4 ) 0.29167204881652986, 0.7083279511834701;
    ( EPI, EPC, Oficial, 1, 5 ) 0.23079491043665706, 0.769205089563343;
    ( EPI, EPC, Oficial, 1, 6 ) 0.0001549618793776731, 0.9998450381206223;
    ( EPI, EPI, No_oficial, 0, 0 ) 0.5, 0.5;
    ( EPI, EPI, No_oficial, 0, 1 ) 0.31580149582968947, 0.6841985041703105;
    ( EPI, EPI, No_oficial, 0, 2 ) 0.37179691002572335, 0.6282030899742768;
    ( EPI, EPI, No_oficial, 0, 3 ) 0.4921875756877045, 0.5078124243122955;
    ( EPI, EPI, No_oficial, 0, 4 ) 0.4337359297916399, 0.5662640702083601;
    ( EPI, EPI, No_oficial, 0, 5 ) 0.54545198345151, 0.45454801654849003;
    ( EPI, EPI, No_oficial, 0, 6 ) 0.2857522406036346, 0.7142477593963654;
    ( EPI, EPI, No_oficial, 1, 0 ) 0.20007438631291846, 0.7999256136870816;
    ( EPI, EPI, No_oficial, 1, 1 ) 0.3888965431724556, 0.6111034568275444;
    ( EPI, EPI, No_oficial, 1, 2 ) 0.40277945223882144, 0.5972205477611786;
    ( EPI, EPI, No_oficial, 1, 3 ) 0.44285764900750235, 0.5571423509924975;
    ( EPI, EPI, No_oficial, 1, 4 ) 0.5081965546823225, 0.4918034453176775;
    ( EPI, EPI, No_oficial, 1, 5 ) 0.5999917334876416, 0.40000826651235843;
    ( EPI, EPI, No_oficial, 1, 6 ) 0.4285840802012115, 0.5714159197987885;
    ( EPI, EPI, Oficial, 0, 0 ) 0.157917063683709, 0.8420829363162909;
    ( EPI, EPI, Oficial, 0, 1 ) 0.2941201500720939, 0.7058798499279061;
    ( EPI, EPI, Oficial, 0, 2 ) 0.31056046534197423, 0.6894395346580257;
    ( EPI, EPI, Oficial, 0, 3 ) 0.3333346841713662, 0.6666653158286338;
