network unknown {
}
variable Educacion_Madre {
    type discrete [ 12 ] { EPC, EPI, N, NAP, NS, P, PC, PI, SBC, SBI, TC, TI };
}
variable Educacion_Padre {
    type discrete [ 12 ] { EPC, EPI, N, NAP, NS, P, PC, PI, SBC, SBI, TC, TI };
}
variable Personas_hogar {
    type discrete [ 3 ] { Alto, Medio, Poco };
}
variable Puntaje_obtenido {
    type discrete [ 2 ] { Aceptado, Rechazado };
}
variable cole_area_ubicacion {
    type discrete [ 2 ] { RURAL, URBANO };
}
variable cole_naturaleza {
    type discrete [ 2 ] { No_oficial, Oficial };
}
variable estu_genero {
    type discrete [ 2 ] { 0, 1 };
}
variable fami_estratovivienda {
    type discrete [ 7 ] { 0, 1, 2, 3, 4, 5, 6 };
}
probability ( Educacion_Madre ) {
    table 0.14037194789757812, 0.05848727981113697, 0.029357139319498786, 0.00374754428540769, 0.03202747098542255, 0.04226718174764334, 0.08967279150776748, 0.10560398197216582, 0.20069998184009377, 0.1291169332871081, 0.11325590609677579, 0.055391841249401545 ;
}
probability ( Educacion_Padre ) {
    table 0.11446931801297608, 0.047876116421507936, 0.044417479735195546, 0.02006669638287686, 0.08403909332540901, 0.03526323609528998, 0.09165387218727816, 0.13065227081372888, 0.17750070163274065, 0.13265811500173344, 0.08070427418156605, 0.04069882620969739 ;
}
probability ( Personas_hogar | Educacion_Madre, Educacion_Padre ) {
    ( EPC, EPC ) 0.10306637646396895, 0.2959209870914554, 0.6010126364445755;
    ( EPC, EPI ) 0.06320200720124013, 0.2665970882797297, 0.6702009045190302;
    ( EPC, N ) 0.1038111769779146, 0.25944606382165747, 0.6367427592004279;
    ( EPC, NAP ) 0.054561453849832624, 0.2495915829746533, 0.6958469631755142;
    ( EPC, NS ) 0.07504171839925416, 0.24578983143373928, 0.6791684501670066;
    ( EPC, P ) 0.03911680097897361, 0.24747335215734753, 0.7134098468636789;
    ( EPC, PC ) 0.08626738082137078, 0.2748265110199457, 0.6389061081586834;
    ( EPC, PI ) 0.07218048741551719, 0.262231330248237, 0.6655881823362457;
    ( EPC, SBC ) 0.10700895557702908, 0.27909800023383674, 0.613893044189134;
    ( EPC, SBI ) 0.0858337379711247, 0.27377065044347443, 0.6403956115854009;
    ( EPC, TC ) 0.08367226773756715, 0.2735222032175239, 0.642805529044909;
    ( EPC, TI ) 0.067143529761035, 0.2665353901533338, 0.6663210800856312;
    ( EPI, EPC ) 0.0695699020217269, 0.26240535180416186, 0.6680247461741113;
    ( EPI, EPI ) 0.0763415542784107, 0.29771071049403713, 0.6259477352275522;
    ( EPI, N ) 0.09899051542197472, 0.3077020876242785, 0.5933073969537468;
    ( EPI, NAP ) 0.0843894209990659, 0.19882331618497917, 0.716787262815955;
    ( EPI, NS ) 0.09080210275393516, 0.24773407548178106, 0.6614638217642839;
    ( EPI, P ) 0.05382818050641997, 0.2911438763028558, 0.6550279431907242;
    ( EPI, PC ) 0.09853179949562994, 0.27463294987390746, 0.6268352506304625;
    ( EPI, PI ) 0.099800669789674, 0.2950137321945905, 0.6051855980157356;
    ( EPI, SBC ) 0.0903596124809795, 0.3000005875060954, 0.6096398000129252;
    ( EPI, SBI ) 0.09249360548222581, 0.2928722590543473, 0.6146341354634269;
    ( EPI, TC ) 0.09190551670978205, 0.2588958346199328, 0.6491986486702851;
    ( EPI, TI ) 0.09092648120782582, 0.28512742524019263, 0.6239460935519816;
    ( N, EPC ) 0.19410200628474739, 0.2686902172036327, 0.5372077765116199;
    ( N, EPI ) 0.27032939558722424, 0.3243327707981749, 0.4053378336146009;
    ( N, N ) 0.23652820407530326, 0.28405752655894945, 0.47941426936574727;
    ( N, NAP ) 0.200071187043958, 0.23082399003381382, 0.5691048229222281;
    ( N, NS ) 0.14769426712020253, 0.3020207197552149, 0.5502850131245826;
    ( N, P ) 0.1433283852878113, 0.28583209632195283, 0.5708395183902358;
    ( N, PC ) 0.18496105300202084, 0.3040768273525112, 0.5109621196454681;
    ( N, PI ) 0.235362275772991, 0.2911044292124961, 0.4735332950145129;
    ( N, SBC ) 0.2147323478318494, 0.3026606646691565, 0.48260698749899417;
    ( N, SBI ) 0.2010299725156645, 0.33219768216751644, 0.4667723453168191;
    ( N, TC ) 0.25761559224594244, 0.2879026886808988, 0.4544817190731588;
    ( N, TI ) 0.1887739513770678, 0.24534066605560648, 0.5658853825673257;
    ( NAP, EPC ) 0.10016192458940551, 0.28003701133472125, 0.6198010640758732;
    ( NAP, EPI ) 0.0006080505898090721, 0.15821476346832056, 0.8411771859418703;
    ( NAP, N ) 0.2143840519852415, 0.2619637645244782, 0.5236521834902803;
    ( NAP, NAP ) 0.20704837849322377, 0.2812570632961747, 0.5116945582106015;
    ( NAP, NS ) 0.17815600139456753, 0.3287692941586637, 0.4930747044467687;
    ( NAP, P ) 0.21756607376143103, 0.2609787961008944, 0.5214551301376746;
    ( NAP, PC ) 0.1396912484535528, 0.23263944919584748, 0.6276693023505997;
    ( NAP, PI ) 0.14111120999080418, 0.20518525110498054, 0.6537035389042152;
    ( NAP, SBC ) 0.13691389599317988, 0.23161612471075382, 0.6314699792960662;
    ( NAP, SBI ) 0.10358581628175981, 0.310358581628176, 0.5860556020900642;
    ( NAP, TC ) 0.019073807341451705, 0.16991837981755487, 0.8110078128409933;
    ( NAP, TI ) 0.1115389552047234, 0.5551277114619433, 0.33333333333333337;
    ( NS, EPC ) 0.09136770242154432, 0.26754043144495926, 0.6410918661334966;
    ( NS, EPI ) 0.11388308780643826, 0.21141653026283605, 0.6747003819307257;
    ( NS, N ) 0.14712221239138817, 0.3235327480205994, 0.5293450395880124;
    ( NS, NAP ) 0.1270409756276746, 0.3253990118831157, 0.5475600124892097;
    ( NS, NS ) 0.1261585956082031, 0.2903072318465312, 0.5835341725452655;
    ( NS, P ) 0.04505628786106128, 0.23599303226477392, 0.7189506798741647;
    ( NS, PC ) 0.1546711523090321, 0.3041289383582072, 0.5411999093327607;
    ( NS, PI ) 0.14617050951066798, 0.28461972165346155, 0.5692097688358705;
    ( NS, SBC ) 0.11662283247695421, 0.2807036402682127, 0.602673527254833;
    ( NS, SBI ) 0.11526165236412587, 0.3049662854023795, 0.5797720622334946;
    ( NS, TC ) 0.09274289349243939, 0.29139555024180136, 0.6158615562657592;
    ( NS, TI ) 0.06109088856909055, 0.2683202121956037, 0.6705888992353057;
    ( P, EPC ) 0.03821491908245157, 0.2213464350684898, 0.7404386458490587;
    ( P, EPI ) 0.0484612290384907, 0.20514088640065414, 0.7463978845608551;
    ( P, N ) 0.1283875941410188, 0.35895155073237267, 0.5126608551266085;
    ( P, NAP ) 0.08338499262994035, 0.18455455910512322, 0.7320604482649364;
    ( P, NS ) 0.06938182077663756, 0.18883433010886486, 0.7417838491144977;
    ( P, P ) 0.047768091819268256, 0.22753090477439689, 0.7247010034063349;
    ( P, PC ) 0.10299998298364728, 0.24267020606803139, 0.6543298109483213;
    ( P, PI ) 0.09820959520665615, 0.23928383808266246, 0.6625065667106813;
    ( P, SBC ) 0.05562807846893402, 0.22136138811430986, 0.7230105334167561;
    ( P, SBI ) 0.06653938731414905, 0.22173808167433937, 0.7117225310115116;
    ( P, TC ) 0.03443666989745564, 0.21606897070603806, 0.7494943593965064;
    ( P, TI ) 0.07607562900104213, 0.22809154519739602, 0.6958328258015618;
    ( PC, EPC ) 0.09631661665952279, 0.3160508644092013, 0.5876325189312759;
    ( PC, EPI ) 0.16560148359311538, 0.2980213649669717, 0.5363771514399129;
    ( PC, N ) 0.17555288282748024, 0.2938882207068701, 0.5305588964656497;
    ( PC, NAP ) 0.08204645185785527, 0.23975788374623064, 0.678195664395914;
    ( PC, NS ) 0.13915880913654197, 0.28003617164727046, 0.5808050192161875;
    ( PC, P ) 0.0859596960687149, 0.34284770399735714, 0.5711925999339279;
    ( PC, PC ) 0.1865734882062895, 0.30890351940959604, 0.5045229923841144;
    ( PC, PI ) 0.18089123992001702, 0.31604748881235906, 0.5030612712676238;
    ( PC, SBC ) 0.15106516304535475, 0.32180272940913734, 0.5271321075455079;
    ( PC, SBI ) 0.15753400201622858, 0.336068232700432, 0.5063977652833394;
    ( PC, TC ) 0.10495458810193983, 0.30658627308100794, 0.5884591388170523;
    ( PC, TI ) 0.12952185894714058, 0.29137214743029366, 0.5791059936225658;
    ( PI, EPC ) 0.1550211557562472, 0.2759962020276272, 0.5689826422161257;
    ( PI, EPI ) 0.13444573021264947, 0.2742045864596165, 0.591349683327734;
    ( PI, N ) 0.21490885810100097, 0.27809380175531245, 0.5069973401436866;
    ( PI, NAP ) 0.1225543079128237, 0.27790355502205744, 0.5995421370651188;
    ( PI, NS ) 0.14049490538573509, 0.2963198068661909, 0.563185287748074;
    ( PI, P ) 0.1167919799498747, 0.3000192789666474, 0.583188741083478;
    ( PI, PC ) 0.17736892859299913, 0.32395201575496735, 0.4986790556520334;
    ( PI, PI ) 0.24431653797396038, 0.2813054313257598, 0.47437803070027973;
    ( PI, SBC ) 0.16290912202610808, 0.31704278372308387, 0.5200480942508081;
    ( PI, SBI ) 0.18092067833219205, 0.3260617371977827, 0.49301758447002514;
    ( PI, TC ) 0.11304147322398558, 0.3026840310572502, 0.5842744957187643;
    ( PI, TI ) 0.12859681752428187, 0.30000413308534823, 0.5713990493903699;
    ( SBC, EPC ) 0.09196838814145444, 0.3089325706259792, 0.5990990412325664;
    ( SBC, EPI ) 0.09301179438730213, 0.3089937318409315, 0.5979944737717664;
    ( SBC, N ) 0.13515828059946752, 0.2935163020722237, 0.5713254173283088;
    ( SBC, NAP ) 0.12656717683633134, 0.25812040929214203, 0.6153124138715267;
    ( SBC, NS ) 0.14057279494688565, 0.27621909973734887, 0.5832081053157655;
    ( SBC, P ) 0.05975552926838011, 0.25000640109791633, 0.6902380696337036;
    ( SBC, PC ) 0.14016431788630104, 0.3219032140761125, 0.5379324680375863;
    ( SBC, PI ) 0.1505237539294147, 0.3095820252087454, 0.5398942208618398;
    ( SBC, SBC ) 0.20791136010956948, 0.29072941733025454, 0.501359222560176;
    ( SBC, SBI ) 0.1772494737769631, 0.3092299877897884, 0.5135205384332485;
    ( SBC, TC ) 0.1065502224048173, 0.3087308599231904, 0.5847189176719922;
    ( SBC, TI ) 0.09462950074329254, 0.32194870957415234, 0.5834217896825552;
    ( SBI, EPC ) 0.11491272053498099, 0.2981375947781486, 0.5869496846868704;
    ( SBI, EPI ) 0.12405966879138453, 0.2938957430549114, 0.5820445881537042;
    ( SBI, N ) 0.17721947833857998, 0.30854498473619346, 0.5142355369252265;
    ( SBI, NAP ) 0.09920021076798587, 0.3024407685504056, 0.5983590206816086;
    ( SBI, NS ) 0.13945722469005106, 0.3040281583113033, 0.5565146169986457;
    ( SBI, P ) 0.07819421091645423, 0.312505649870731, 0.6093001392128148;
    ( SBI, PC ) 0.15658229647143942, 0.33401879441811627, 0.5093989091104442;
    ( SBI, PI ) 0.17639024113366095, 0.32370977539080825, 0.49989998347553066;
    ( SBI, SBC ) 0.16946502253598675, 0.3151056908327474, 0.5154292866312657;
    ( SBI, SBI ) 0.20931842291727118, 0.3065012590667795, 0.4841803180159493;
    ( SBI, TC ) 0.105342637881736, 0.32794956947770015, 0.5667077926405638;
    ( SBI, TI ) 0.11232432195400031, 0.3531790404776, 0.5344966375683997;
    ( TC, EPC ) 0.08449663886196301, 0.28536108502106666, 0.6301422761169704;
    ( TC, EPI ) 0.06123367143335966, 0.298349091089051, 0.6404172374775893;
    ( TC, N ) 0.10323127990972514, 0.24912072615252828, 0.6476479939377466;
    ( TC, NAP ) 0.09623407665477512, 0.21478370499405425, 0.6889822183511707;
    ( TC, NS ) 0.09449586560666164, 0.25736117660119123, 0.6481429577921471;
    ( TC, P ) 0.03962415492150796, 0.24753065199954166, 0.7128451930789503;
    ( TC, PC ) 0.07681175652779927, 0.29493189967981026, 0.6282563437923905;
    ( TC, PI ) 0.09394924275471961, 0.2852301472832573, 0.6208206099620232;
    ( TC, SBC ) 0.12919934571032818, 0.2959307188269246, 0.5748699354627471;
    ( TC, SBI ) 0.1031448062353794, 0.28039680262089584, 0.6164583911437248;
    ( TC, TC ) 0.11002859739187555, 0.3068301682061011, 0.5831412344020233;
    ( TC, TI ) 0.08715893893465645, 0.2614594257113392, 0.6513816353540044;
    ( TI, EPC ) 0.0713667949062062, 0.3012895070692333, 0.6273436980245605;
    ( TI, EPI ) 0.0872843003990545, 0.2688732032994328, 0.6438424963015127;
    ( TI, N ) 0.13718177610262514, 0.32571579713019905, 0.5371024267671758;
    ( TI, NAP ) 0.08337587783488194, 0.2892231941277243, 0.6274009280373938;
    ( TI, NS ) 0.10938512497325124, 0.2630240121040053, 0.6275908629227436;
    ( TI, P ) 0.036840403627886396, 0.31618084979665456, 0.646978746575459;
    ( TI, PC ) 0.0828985507246377, 0.32612657699927017, 0.5909748722760922;
    ( TI, PI ) 0.10953306052714974, 0.3297620523842985, 0.5607048870885518;
    ( TI, SBC ) 0.12240703964649978, 0.30054686281206383, 0.5770460975414364;
    ( TI, SBI ) 0.09785269172287478, 0.3124597030520739, 0.5896876052250514;
    ( TI, TC ) 0.09058837429504749, 0.32494629131325437, 0.5844653343916981;
    ( TI, TI ) 0.09994399987586874, 0.2839742314794048, 0.6160817686447264;

}
probability ( Puntaje_obtenido | Educacion_Madre, Educacion_Padre, cole_naturaleza, estu_genero, fami_estratovivienda ) {
    ( EPC, EPC, No_oficial, 0, 0 ) 0.6666666666666666, 0.3333333333333333;
    ( EPC, EPC, No_oficial, 0, 1 ) 0.4782608695652174, 0.5217391304347826;
    ( EPC, EPC, No_oficial, 0, 2 ) 0.4901185770750988, 0.5098814229249012;
    ( EPC, EPC, No_oficial, 0, 3 ) 0.5134328358208955, 0.48656716417910445;
    ( EPC, EPC, No_oficial, 0, 4 ) 0.5622710622710623, 0.43772893772893773;
    ( EPC, EPC, No_oficial, 0, 5 ) 0.6058823529411764, 0.3941176470588235;
    ( EPC, EPC, No_oficial, 0, 6 ) 0.632768361581921, 0.3672316384180791;
    ( EPC, EPC, No_oficial, 1, 0 ) 0.6567164179104478, 0.34328358208955223;
    ( EPC, EPC, No_oficial, 1, 1 ) 0.5070422535211268, 0.49295774647887325;
    ( EPC, EPC, No_oficial, 1, 2 ) 0.4782608695652174, 0.5217391304347826;
    ( EPC, EPC, No_oficial, 1, 3 ) 0.5063492063492063, 0.4936507936507937;
    ( EPC, EPC, No_oficial, 1, 4 ) 0.5697674418604651, 0.43023255813953487;
    ( EPC, EPC, No_oficial, 1, 5 ) 0.609271523178808, 0.39072847682119205;
    ( EPC, EPC, No_oficial, 1, 6 ) 0.6666666666666666, 0.3333333333333333;
    ( EPC, EPC, Oficial, 0, 0 ) 0.34306569343065696, 0.656934306569343;
    ( EPC, EPC, Oficial, 0, 1 ) 0.33986928104575165, 0.6601307189542484;
    ( EPC, EPC, Oficial, 0, 2 ) 0.34196891191709844, 0.6580310880829016;
    ( EPC, EPC, Oficial, 0, 3 ) 0.35563380281690143, 0.6443661971830986;
    ( EPC, EPC, Oficial, 0, 4 ) 0.34265734265734266, 0.6573426573426573;
    ( EPC, EPC, Oficial, 0, 5 ) 0.36666666666666664, 0.6333333333333333;
    ( EPC, EPC, Oficial, 0, 6 ) 0.6140350877192983, 0.38596491228070173;
    ( EPC, EPC, Oficial, 1, 0 ) 0.3082191780821918, 0.6917808219178082;
    ( EPC, EPC, Oficial, 1, 1 ) 0.27405857740585776, 0.7259414225941423;
    ( EPC, EPC, Oficial, 1, 2 ) 0.32558139534883723, 0.6744186046511628;
    ( EPC, EPC, Oficial, 1, 3 ) 0.3582089552238806, 0.6417910447761194;
    ( EPC, EPC, Oficial, 1, 4 ) 0.34615384615384615, 0.6538461538461539;
    ( EPC, EPC, Oficial, 1, 5 ) 0.4574468085106383, 0.5425531914893617;
    ( EPC, EPC, Oficial, 1, 6 ) 0.6206896551724138, 0.3793103448275862;
    ( EPC, EPI, No_oficial, 0, 0 ) 0.9736842105263158, 0.02631578947368421;
    ( EPC, EPI, No_oficial, 0, 1 ) 0.704225352112676, 0.29577464788732394;
    ( EPC, EPI, No_oficial, 0, 2 ) 0.625, 0.375;
    ( EPC, EPI, No_oficial, 0, 3 ) 0.5833333333333334, 0.4166666666666667;
    ( EPC, EPI, No_oficial, 0, 4 ) 0.6527777777777778, 0.3472222222222222;
    ( EPC, EPI, No_oficial, 0, 5 ) 0.7763157894736842, 0.2236842105263158;
    ( EPC, EPI, No_oficial, 0, 6 ) 0.9375, 0.0625;
    ( EPC, EPI, No_oficial, 1, 0 ) 0.9459459459459459, 0.05405405405405406;
    ( EPC, EPI, No_oficial, 1, 1 ) 0.7424242424242424, 0.25757575757575757;
    ( EPC, EPI, No_oficial, 1, 2 ) 0.5562913907284768, 0.44370860927152317;
    ( EPC, EPI, No_oficial, 1, 3 ) 0.5714285714285714, 0.42857142857142855;
    ( EPC, EPI, No_oficial, 1, 4 ) 0.7006802721088435, 0.29931972789115646;
    ( EPC, EPI, No_oficial, 1, 5 ) 0.803030303030303, 0.19696969696969696;
    ( EPC, EPI, No_oficial, 1, 6 ) 0.9761904761904762, 0.023809523809523808;
    ( EPC, EPI, Oficial, 0, 0 ) 0.6862745098039216, 0.3137254901960784;
    ( EPC, EPI, Oficial, 0, 1 ) 0.5151515151515151, 0.48484848484848486;
    ( EPC, EPI, Oficial, 0, 2 ) 0.45595854922279794, 0.5440414507772021;
    ( EPC, EPI, Oficial, 0, 3 ) 0.5132275132275133, 0.48677248677248675;
    ( EPC, EPI, Oficial, 0, 4 ) 0.6388888888888888, 0.3611111111111111;
    ( EPC, EPI, Oficial, 0, 5 ) 0.8571428571428571, 0.14285714285714285;
    ( EPC, EPI, Oficial, 0, 6 ) 0.9722222222222222, 0.027777777777777776;
    ( EPC, EPI, Oficial, 1, 0 ) 0.7777777777777778, 0.2222222222222222;
    ( EPC, EPI, Oficial, 1, 1 ) 0.41911764705882354, 0.5808823529411765;
    ( EPC, EPI, Oficial, 1, 2 ) 0.38341968911917096, 0.616580310880829;
    ( EPC, EPI, Oficial, 1, 3 ) 0.48520710059171596, 0.514792899408284;
    ( EPC, EPI, Oficial, 1, 4 ) 0.8095238095238095, 0.19047619047619047;
    ( EPC, EPI, Oficial, 1, 5 ) 0.7777777777777778, 0.2222222222222222;
    ( EPC, EPI, Oficial, 1, 6 ) 0.9210526315789473, 0.07894736842105263;
    ( EPC, N, No_oficial, 0, 0 ) 0.9722222222222222, 0.027777777777777776;
    ( EPC, N, No_oficial, 0, 1 ) 1.0, 0.0;
    ( EPC, N, No_oficial, 0, 2 ) 0.7, 0.3;
    ( EPC, N, No_oficial, 0, 3 ) 0.7115384615384616, 0.28846153846153844;
    ( EPC, N, No_oficial, 0, 4 ) 0.9722222222222222, 0.027777777777777776;
    ( EPC, N, No_oficial, 0, 5 ) 1.0, 0.0;
    ( EPC, N, No_oficial, 0, 6 ) 1.0, 0.0;
    ( EPC, N, No_oficial, 1, 0 ) 1.0, 0.0;
    ( EPC, N, No_oficial, 1, 1 ) 0.8974358974358975, 0.10256410256410256;
    ( EPC, N, No_oficial, 1, 2 ) 0.8974358974358975, 0.10256410256410256;
    ( EPC, N, No_oficial, 1, 3 ) 0.9459459459459459, 0.05405405405405406;
    ( EPC, N, No_oficial, 1, 4 ) 0.9459459459459459, 0.05405405405405406;
    ( EPC, N, No_oficial, 1, 5 ) 1.0, 0.0;
    ( EPC, N, No_oficial, 1, 6 ) 0.9722222222222222, 0.027777777777777776;
    ( EPC, N, Oficial, 0, 0 ) 0.9210526315789473, 0.07894736842105263;
    ( EPC, N, Oficial, 0, 1 ) 0.6440677966101694, 0.3559322033898305;
    ( EPC, N, Oficial, 0, 2 ) 0.5405405405405406, 0.4594594594594595;
    ( EPC, N, Oficial, 0, 3 ) 0.6851851851851852, 0.3148148148148148;
    ( EPC, N, Oficial, 0, 4 ) 0.9210526315789473, 0.07894736842105263;
    ( EPC, N, Oficial, 0, 5 ) 0.9722222222222222, 0.027777777777777776;
    ( EPC, N, Oficial, 0, 6 ) 0.9459459459459459, 0.05405405405405406;
    ( EPC, N, Oficial, 1, 0 ) 0.8536585365853658, 0.14634146341463414;
    ( EPC, N, Oficial, 1, 1 ) 0.5901639344262295, 0.4098360655737705;
    ( EPC, N, Oficial, 1, 2 ) 0.6481481481481481, 0.35185185185185186;
    ( EPC, N, Oficial, 1, 3 ) 0.7659574468085106, 0.23404255319148937;
    ( EPC, N, Oficial, 1, 4 ) 0.8181818181818182, 0.18181818181818182;
    ( EPC, N, Oficial, 1, 5 ) 0.9459459459459459, 0.05405405405405406;
    ( EPC, N, Oficial, 1, 6 ) 1.0, 0.0;
    ( EPC, NAP, No_oficial, 0, 0 ) 1.0, 0.0;
    ( EPC, NAP, No_oficial, 0, 1 ) 0.9069767441860465, 0.09302325581395349;
    ( EPC, NAP, No_oficial, 0, 2 ) 0.7258064516129032, 0.27419354838709675;
    ( EPC, NAP, No_oficial, 0, 3 ) 0.6767676767676768, 0.32323232323232326;
    ( EPC, NAP, No_oficial, 0, 4 ) 0.8846153846153846, 0.11538461538461539;
    ( EPC, NAP, No_oficial, 0, 5 ) 0.9069767441860465, 0.09302325581395349;
    ( EPC, NAP, No_oficial, 0, 6 ) 0.972972972972973, 0.02702702702702703;
    ( EPC, NAP, No_oficial, 1, 0 ) 0.9722222222222222, 0.027777777777777776;
    ( EPC, NAP, No_oficial, 1, 1 ) 0.8076923076923077, 0.19230769230769232;
    ( EPC, NAP, No_oficial, 1, 2 ) 0.7538461538461538, 0.24615384615384617;
    ( EPC, NAP, No_oficial, 1, 3 ) 0.6703296703296703, 0.32967032967032966;
    ( EPC, NAP, No_oficial, 1, 4 ) 0.8421052631578947, 0.15789473684210525;
    ( EPC, NAP, No_oficial, 1, 5 ) 0.9523809523809523, 0.047619047619047616;
    ( EPC, NAP, No_oficial, 1, 6 ) 0.972972972972973, 0.02702702702702703;
    ( EPC, NAP, Oficial, 0, 0 ) 0.8571428571428571, 0.14285714285714285;
    ( EPC, NAP, Oficial, 0, 1 ) 0.7142857142857143, 0.2857142857142857;
    ( EPC, NAP, Oficial, 0, 2 ) 0.5773195876288659, 0.422680412371134;
    ( EPC, NAP, Oficial, 0, 3 ) 0.6309523809523809, 0.36904761904761907;
    ( EPC, NAP, Oficial, 0, 4 ) 0.9024390243902439, 0.0975609756097561;
    ( EPC, NAP, Oficial, 0, 5 ) 0.9722222222222222, 0.027777777777777776;
    ( EPC, NAP, Oficial, 0, 6 ) 1.0, 0.0;
    ( EPC, NAP, Oficial, 1, 0 ) 0.7954545454545454, 0.20454545454545456;
    ( EPC, NAP, Oficial, 1, 1 ) 0.6133333333333333, 0.38666666666666666;
    ( EPC, NAP, Oficial, 1, 2 ) 0.4954954954954955, 0.5045045045045045;
    ( EPC, NAP, Oficial, 1, 3 ) 0.5869565217391305, 0.41304347826086957;
    ( EPC, NAP, Oficial, 1, 4 ) 0.9285714285714286, 0.07142857142857142;
    ( EPC, NAP, Oficial, 1, 5 ) 0.925, 0.075;
    ( EPC, NAP, Oficial, 1, 6 ) 0.9210526315789473, 0.07894736842105263;
    ( EPC, NS, No_oficial, 0, 0 ) 0.8571428571428571, 0.14285714285714285;
    ( EPC, NS, No_oficial, 0, 1 ) 0.676056338028169, 0.323943661971831;
    ( EPC, NS, No_oficial, 0, 2 ) 0.5794871794871795, 0.4205128205128205;
    ( EPC, NS, No_oficial, 0, 3 ) 0.5729537366548043, 0.42704626334519574;
    ( EPC, NS, No_oficial, 0, 4 ) 0.6130952380952381, 0.3869047619047619;
    ( EPC, NS, No_oficial, 0, 5 ) 0.8481012658227848, 0.1518987341772152;
    ( EPC, NS, No_oficial, 0, 6 ) 0.8913043478260869, 0.10869565217391304;
    ( EPC, NS, No_oficial, 1, 0 ) 0.9230769230769231, 0.07692307692307693;
    ( EPC, NS, No_oficial, 1, 1 ) 0.6338028169014085, 0.36619718309859156;
    ( EPC, NS, No_oficial, 1, 2 ) 0.5248618784530387, 0.47513812154696133;
    ( EPC, NS, No_oficial, 1, 3 ) 0.556390977443609, 0.44360902255639095;
    ( EPC, NS, No_oficial, 1, 4 ) 0.697986577181208, 0.30201342281879195;
    ( EPC, NS, No_oficial, 1, 5 ) 0.7878787878787878, 0.21212121212121213;
    ( EPC, NS, No_oficial, 1, 6 ) 0.8913043478260869, 0.10869565217391304;
    ( EPC, NS, Oficial, 0, 0 ) 0.7358490566037735, 0.2641509433962264;
    ( EPC, NS, Oficial, 0, 1 ) 0.4897959183673469, 0.5102040816326531;
    ( EPC, NS, Oficial, 0, 2 ) 0.4197952218430034, 0.5802047781569966;
    ( EPC, NS, Oficial, 0, 3 ) 0.44656488549618323, 0.5534351145038168;
    ( EPC, NS, Oficial, 0, 4 ) 0.6233766233766234, 0.37662337662337664;
    ( EPC, NS, Oficial, 0, 5 ) 0.782608695652174, 0.21739130434782608;
    ( EPC, NS, Oficial, 0, 6 ) 0.972972972972973, 0.02702702702702703;
    ( EPC, NS, Oficial, 1, 0 ) 0.6607142857142857, 0.3392857142857143;
    ( EPC, NS, Oficial, 1, 1 ) 0.37104072398190047, 0.6289592760180995;
    ( EPC, NS, Oficial, 1, 2 ) 0.3908450704225352, 0.6091549295774648;
    ( EPC, NS, Oficial, 1, 3 ) 0.3735408560311284, 0.6264591439688716;
    ( EPC, NS, Oficial, 1, 4 ) 0.625, 0.375;
    ( EPC, NS, Oficial, 1, 5 ) 0.8809523809523809, 0.11904761904761904;
    ( EPC, NS, Oficial, 1, 6 ) 0.9459459459459459, 0.05405405405405406;
    ( EPC, P, No_oficial, 0, 0 ) 0.9487179487179487, 0.05128205128205128;
    ( EPC, P, No_oficial, 0, 1 ) 0.9148936170212766, 0.0851063829787234;
    ( EPC, P, No_oficial, 0, 2 ) 0.7941176470588235, 0.20588235294117646;
    ( EPC, P, No_oficial, 0, 3 ) 0.7616822429906542, 0.2383177570093458;
    ( EPC, P, No_oficial, 0, 4 ) 0.8163265306122449, 0.1836734693877551;
    ( EPC, P, No_oficial, 0, 5 ) 0.8512396694214877, 0.1487603305785124;
    ( EPC, P, No_oficial, 0, 6 ) 0.9041095890410958, 0.0958904109589041;
    ( EPC, P, No_oficial, 1, 0 ) 0.9743589743589743, 0.02564102564102564;
    ( EPC, P, No_oficial, 1, 1 ) 0.9302325581395349, 0.06976744186046512;
    ( EPC, P, No_oficial, 1, 2 ) 0.7777777777777778, 0.2222222222222222;
    ( EPC, P, No_oficial, 1, 3 ) 0.7351351351351352, 0.2648648648648649;
    ( EPC, P, No_oficial, 1, 4 ) 0.7969543147208121, 0.20304568527918782;
    ( EPC, P, No_oficial, 1, 5 ) 0.8962264150943396, 0.10377358490566038;
    ( EPC, P, No_oficial, 1, 6 ) 0.9295774647887324, 0.07042253521126761;
    ( EPC, P, Oficial, 0, 0 ) 0.8974358974358975, 0.10256410256410256;
    ( EPC, P, Oficial, 0, 1 ) 0.7166666666666667, 0.2833333333333333;
    ( EPC, P, Oficial, 0, 2 ) 0.7422680412371134, 0.25773195876288657;
    ( EPC, P, Oficial, 0, 3 ) 0.6776859504132231, 0.32231404958677684;
    ( EPC, P, Oficial, 0, 4 ) 0.8125, 0.1875;
    ( EPC, P, Oficial, 0, 5 ) 0.8780487804878049, 0.12195121951219512;
    ( EPC, P, Oficial, 0, 6 ) 1.0, 0.0;
    ( EPC, P, Oficial, 1, 0 ) 0.9459459459459459, 0.05405405405405406;
    ( EPC, P, Oficial, 1, 1 ) 0.734375, 0.265625;
    ( EPC, P, Oficial, 1, 2 ) 0.5775862068965517, 0.4224137931034483;
    ( EPC, P, Oficial, 1, 3 ) 0.6379310344827587, 0.3620689655172414;
    ( EPC, P, Oficial, 1, 4 ) 0.875, 0.125;
    ( EPC, P, Oficial, 1, 5 ) 0.9743589743589743, 0.02564102564102564;
    ( EPC, P, Oficial, 1, 6 ) 1.0, 0.0;
    ( EPC, PC, No_oficial, 0, 0 ) 0.9473684210526315, 0.05263157894736842;
    ( EPC, PC, No_oficial, 0, 1 ) 0.8, 0.2;
    ( EPC, PC, No_oficial, 0, 2 ) 0.5529411764705883, 0.4470588235294118;
    ( EPC, PC, No_oficial, 0, 3 ) 0.550561797752809, 0.449438202247191;
    ( EPC, PC, No_oficial, 0, 4 ) 0.7254901960784313, 0.27450980392156865;
    ( EPC, PC, No_oficial, 0, 5 ) 0.9473684210526315, 0.05263157894736842;
    ( EPC, PC, No_oficial, 0, 6 ) 0.9722222222222222, 0.027777777777777776;
    ( EPC, PC, No_oficial, 1, 0 ) 0.972972972972973, 0.02702702702702703;
    ( EPC, PC, No_oficial, 1, 1 ) 0.6909090909090909, 0.3090909090909091;
    ( EPC, PC, No_oficial, 1, 2 ) 0.5365853658536586, 0.4634146341463415;
    ( EPC, PC, No_oficial, 1, 3 ) 0.6707317073170732, 0.32926829268292684;
    ( EPC, PC, No_oficial, 1, 4 ) 0.9090909090909091, 0.09090909090909091;
    ( EPC, PC, No_oficial, 1, 5 ) 0.9, 0.1;
    ( EPC, PC, No_oficial, 1, 6 ) 0.9722222222222222, 0.027777777777777776;
    ( EPC, PC, Oficial, 0, 0 ) 0.7551020408163265, 0.24489795918367346;
    ( EPC, PC, Oficial, 0, 1 ) 0.46153846153846156, 0.5384615384615384;
    ( EPC, PC, Oficial, 0, 2 ) 0.3939393939393939, 0.6060606060606061;
    ( EPC, PC, Oficial, 0, 3 ) 0.48598130841121495, 0.514018691588785;
    ( EPC, PC, Oficial, 0, 4 ) 0.75, 0.25;
    ( EPC, PC, Oficial, 0, 5 ) 0.8222222222222222, 0.17777777777777778;
    ( EPC, PC, Oficial, 0, 6 ) 0.9459459459459459, 0.05405405405405406;
    ( EPC, PC, Oficial, 1, 0 ) 0.7608695652173914, 0.2391304347826087;
    ( EPC, PC, Oficial, 1, 1 ) 0.33962264150943394, 0.660377358490566;
    ( EPC, PC, Oficial, 1, 2 ) 0.34782608695652173, 0.6521739130434783;
    ( EPC, PC, Oficial, 1, 3 ) 0.3983739837398374, 0.6016260162601627;
    ( EPC, PC, Oficial, 1, 4 ) 0.8043478260869565, 0.1956521739130435;
    ( EPC, PC, Oficial, 1, 5 ) 0.813953488372093, 0.18604651162790697;
    ( EPC, PC, Oficial, 1, 6 ) 0.9459459459459459, 0.05405405405405406;
    ( EPC, PI, No_oficial, 0, 0 ) 0.8974358974358975, 0.10256410256410256;
    ( EPC, PI, No_oficial, 0, 1 ) 0.7307692307692307, 0.2692307692307692;
    ( EPC, PI, No_oficial, 0, 2 ) 0.550561797752809, 0.449438202247191;
    ( EPC, PI, No_oficial, 0, 3 ) 0.6144578313253012, 0.3855421686746988;
    ( EPC, PI, No_oficial, 0, 4 ) 0.8269230769230769, 0.17307692307692307;
    ( EPC, PI, No_oficial, 0, 5 ) 0.9024390243902439, 0.0975609756097561;
    ( EPC, PI, No_oficial, 0, 6 ) 0.972972972972973, 0.02702702702702703;
    ( EPC, PI, No_oficial, 1, 0 ) 0.8974358974358975, 0.10256410256410256;
    ( EPC, PI, No_oficial, 1, 1 ) 0.6666666666666666, 0.3333333333333333;
    ( EPC, PI, No_oficial, 1, 2 ) 0.5102040816326531, 0.4897959183673469;
    ( EPC, PI, No_oficial, 1, 3 ) 0.6551724137931034, 0.3448275862068966;
    ( EPC, PI, No_oficial, 1, 4 ) 0.9130434782608695, 0.08695652173913043;
    ( EPC, PI, No_oficial, 1, 5 ) 0.8780487804878049, 0.12195121951219512;
    ( EPC, PI, No_oficial, 1, 6 ) 1.0, 0.0;
    ( EPC, PI, Oficial, 0, 0 ) 0.6727272727272727, 0.32727272727272727;
    ( EPC, PI, Oficial, 0, 1 ) 0.3673469387755102, 0.6326530612244898;
    ( EPC, PI, Oficial, 0, 2 ) 0.375, 0.625;
    ( EPC, PI, Oficial, 0, 3 ) 0.42727272727272725, 0.5727272727272728;
    ( EPC, PI, Oficial, 0, 4 ) 0.6666666666666666, 0.3333333333333333;
    ( EPC, PI, Oficial, 0, 5 ) 0.8974358974358975, 0.10256410256410256;
    ( EPC, PI, Oficial, 0, 6 ) 0.9722222222222222, 0.027777777777777776;
    ( EPC, PI, Oficial, 1, 0 ) 0.5538461538461539, 0.4461538461538462;
    ( EPC, PI, Oficial, 1, 1 ) 0.24242424242424243, 0.7575757575757576;
    ( EPC, PI, Oficial, 1, 2 ) 0.2839506172839506, 0.7160493827160493;
    ( EPC, PI, Oficial, 1, 3 ) 0.384, 0.616;
    ( EPC, PI, Oficial, 1, 4 ) 0.7142857142857143, 0.2857142857142857;
    ( EPC, PI, Oficial, 1, 5 ) 0.813953488372093, 0.18604651162790697;
    ( EPC, PI, Oficial, 1, 6 ) 0.9459459459459459, 0.05405405405405406;
    ( EPC, SBC, No_oficial, 0, 0 ) 0.851063829787234, 0.14893617021276595;
    ( EPC, SBC, No_oficial, 0, 1 ) 0.5, 0.5;
    ( EPC, SBC, No_oficial, 0, 2 ) 0.45121951219512196, 0.5487804878048781;
    ( EPC, SBC, No_oficial, 0, 3 ) 0.45409429280397023, 0.5459057071960298;
    ( EPC, SBC, No_oficial, 0, 4 ) 0.5302325581395348, 0.4697674418604651;
    ( EPC, SBC, No_oficial, 0, 5 ) 0.6483516483516484, 0.3516483516483517;
    ( EPC, SBC, No_oficial, 0, 6 ) 0.6984126984126984, 0.30158730158730157;
    ( EPC, SBC, No_oficial, 1, 0 ) 0.7115384615384616, 0.28846153846153844;
    ( EPC, SBC, No_oficial, 1, 1 ) 0.46405228758169936, 0.5359477124183006;
    ( EPC, SBC, No_oficial, 1, 2 ) 0.42201834862385323, 0.5779816513761468;
    ( EPC, SBC, No_oficial, 1, 3 ) 0.47619047619047616, 0.5238095238095238;
    ( EPC, SBC, No_oficial, 1, 4 ) 0.5526315789473685, 0.4473684210526316;
    ( EPC, SBC, No_oficial, 1, 5 ) 0.7073170731707317, 0.2926829268292683;
    ( EPC, SBC, No_oficial, 1, 6 ) 0.8333333333333334, 0.16666666666666666;
    ( EPC, SBC, Oficial, 0, 0 ) 0.3619047619047619, 0.638095238095238;
    ( EPC, SBC, Oficial, 0, 1 ) 0.3168831168831169, 0.6831168831168831;
    ( EPC, SBC, Oficial, 0, 2 ) 0.31894934333958724, 0.6810506566604128;
    ( EPC, SBC, Oficial, 0, 3 ) 0.3577981651376147, 0.6422018348623854;
    ( EPC, SBC, Oficial, 0, 4 ) 0.31176470588235294, 0.6882352941176471;
    ( EPC, SBC, Oficial, 0, 5 ) 0.5846153846153846, 0.4153846153846154;
    ( EPC, SBC, Oficial, 0, 6 ) 0.7659574468085106, 0.23404255319148937;
    ( EPC, SBC, Oficial, 1, 0 ) 0.36082474226804123, 0.6391752577319587;
    ( EPC, SBC, Oficial, 1, 1 ) 0.27370689655172414, 0.7262931034482759;
    ( EPC, SBC, Oficial, 1, 2 ) 0.3198458574181118, 0.6801541425818882;
    ( EPC, SBC, Oficial, 1, 3 ) 0.3145539906103286, 0.6854460093896714;
    ( EPC, SBC, Oficial, 1, 4 ) 0.4305555555555556, 0.5694444444444444;
    ( EPC, SBC, Oficial, 1, 5 ) 0.5606060606060606, 0.4393939393939394;
    ( EPC, SBC, Oficial, 1, 6 ) 0.6923076923076923, 0.3076923076923077;
    ( EPC, SBI, No_oficial, 0, 0 ) 0.8409090909090909, 0.1590909090909091;
    ( EPC, SBI, No_oficial, 0, 1 ) 0.6081081081081081, 0.3918918918918919;
    ( EPC, SBI, No_oficial, 0, 2 ) 0.5133689839572193, 0.48663101604278075;
    ( EPC, SBI, No_oficial, 0, 3 ) 0.4711111111111111, 0.5288888888888889;
    ( EPC, SBI, No_oficial, 0, 4 ) 0.5748031496062992, 0.4251968503937008;
    ( EPC, SBI, No_oficial, 0, 5 ) 0.7575757575757576, 0.24242424242424243;
    ( EPC, SBI, No_oficial, 0, 6 ) 0.9333333333333333, 0.06666666666666667;
    ( EPC, SBI, No_oficial, 1, 0 ) 0.9024390243902439, 0.0975609756097561;
    ( EPC, SBI, No_oficial, 1, 1 ) 0.5189873417721519, 0.4810126582278481;
    ( EPC, SBI, No_oficial, 1, 2 ) 0.4772727272727273, 0.5227272727272727;
    ( EPC, SBI, No_oficial, 1, 3 ) 0.46226415094339623, 0.5377358490566038;
    ( EPC, SBI, No_oficial, 1, 4 ) 0.6095238095238096, 0.3904761904761905;
    ( EPC, SBI, No_oficial, 1, 5 ) 0.8163265306122449, 0.1836734693877551;
    ( EPC, SBI, No_oficial, 1, 6 ) 0.9736842105263158, 0.02631578947368421;
    ( EPC, SBI, Oficial, 0, 0 ) 0.46835443037974683, 0.5316455696202531;
    ( EPC, SBI, Oficial, 0, 1 ) 0.3584070796460177, 0.6415929203539823;
    ( EPC, SBI, Oficial, 0, 2 ) 0.3163841807909605, 0.6836158192090396;
    ( EPC, SBI, Oficial, 0, 3 ) 0.3803921568627451, 0.6196078431372549;
    ( EPC, SBI, Oficial, 0, 4 ) 0.52, 0.48;
    ( EPC, SBI, Oficial, 0, 5 ) 0.7916666666666666, 0.20833333333333334;
    ( EPC, SBI, Oficial, 0, 6 ) 0.875, 0.125;
    ( EPC, SBI, Oficial, 1, 0 ) 0.5373134328358209, 0.4626865671641791;
    ( EPC, SBI, Oficial, 1, 1 ) 0.29213483146067415, 0.7078651685393258;
    ( EPC, SBI, Oficial, 1, 2 ) 0.3143712574850299, 0.6856287425149701;
    ( EPC, SBI, Oficial, 1, 3 ) 0.33076923076923076, 0.6692307692307692;
    ( EPC, SBI, Oficial, 1, 4 ) 0.45454545454545453, 0.5454545454545454;
    ( EPC, SBI, Oficial, 1, 5 ) 0.7608695652173914, 0.2391304347826087;
    ( EPC, SBI, Oficial, 1, 6 ) 0.875, 0.125;
    ( EPC, TC, No_oficial, 0, 0 ) 0.8636363636363636, 0.13636363636363635;
    ( EPC, TC, No_oficial, 0, 1 ) 0.6309523809523809, 0.36904761904761907;
    ( EPC, TC, No_oficial, 0, 2 ) 0.5863636363636363, 0.41363636363636364;
    ( EPC, TC, No_oficial, 0, 3 ) 0.5285714285714286, 0.4714285714285714;
    ( EPC, TC, No_oficial, 0, 4 ) 0.712, 0.288;
    ( EPC, TC, No_oficial, 0, 5 ) 0.7727272727272727, 0.22727272727272727;
    ( EPC, TC, No_oficial, 0, 6 ) 0.9512195121951219, 0.04878048780487805;
    ( EPC, TC, No_oficial, 1, 0 ) 0.9512195121951219, 0.04878048780487805;
    ( EPC, TC, No_oficial, 1, 1 ) 0.686046511627907, 0.313953488372093;
    ( EPC, TC, No_oficial, 1, 2 ) 0.5477178423236515, 0.45228215767634855;
    ( EPC, TC, No_oficial, 1, 3 ) 0.5451127819548872, 0.4548872180451128;
    ( EPC, TC, No_oficial, 1, 4 ) 0.6119402985074627, 0.3880597014925373;
    ( EPC, TC, No_oficial, 1, 5 ) 0.92, 0.08;
    ( EPC, TC, No_oficial, 1, 6 ) 0.9473684210526315, 0.05263157894736842;
    ( EPC, TC, Oficial, 0, 0 ) 0.6851851851851852, 0.3148148148148148;
    ( EPC, TC, Oficial, 0, 1 ) 0.4158415841584158, 0.5841584158415841;
    ( EPC, TC, Oficial, 0, 2 ) 0.40809968847352024, 0.5919003115264797;
    ( EPC, TC, Oficial, 0, 3 ) 0.43986254295532645, 0.5601374570446735;
    ( EPC, TC, Oficial, 0, 4 ) 0.5252525252525253, 0.47474747474747475;
    ( EPC, TC, Oficial, 0, 5 ) 0.8863636363636364, 0.11363636363636363;
    ( EPC, TC, Oficial, 0, 6 ) 0.8333333333333334, 0.16666666666666666;
    ( EPC, TC, Oficial, 1, 0 ) 0.7169811320754716, 0.2830188679245283;
    ( EPC, TC, Oficial, 1, 1 ) 0.31970260223048325, 0.6802973977695167;
    ( EPC, TC, Oficial, 1, 2 ) 0.3711340206185567, 0.6288659793814433;
    ( EPC, TC, Oficial, 1, 3 ) 0.41522491349480967, 0.5847750865051903;
    ( EPC, TC, Oficial, 1, 4 ) 0.47572815533980584, 0.5242718446601942;
    ( EPC, TC, Oficial, 1, 5 ) 0.8478260869565217, 0.15217391304347827;
    ( EPC, TC, Oficial, 1, 6 ) 0.8974358974358975, 0.10256410256410256;
    ( EPC, TI, No_oficial, 0, 0 ) 0.9722222222222222, 0.027777777777777776;
    ( EPC, TI, No_oficial, 0, 1 ) 0.8235294117647058, 0.17647058823529413;
    ( EPC, TI, No_oficial, 0, 2 ) 0.5853658536585366, 0.4146341463414634;
    ( EPC, TI, No_oficial, 0, 3 ) 0.6528925619834711, 0.34710743801652894;
    ( EPC, TI, No_oficial, 0, 4 ) 0.7671232876712328, 0.2328767123287671;
    ( EPC, TI, No_oficial, 0, 5 ) 0.9230769230769231, 0.07692307692307693;
    ( EPC, TI, No_oficial, 0, 6 ) 0.9743589743589743, 0.02564102564102564;
    ( EPC, TI, No_oficial, 1, 0 ) 0.9210526315789473, 0.07894736842105263;
    ( EPC, TI, No_oficial, 1, 1 ) 0.75, 0.25;
    ( EPC, TI, No_oficial, 1, 2 ) 0.5742574257425742, 0.42574257425742573;
    ( EPC, TI, No_oficial, 1, 3 ) 0.6461538461538462, 0.35384615384615387;
    ( EPC, TI, No_oficial, 1, 4 ) 0.6666666666666666, 0.3333333333333333;
    ( EPC, TI, No_oficial, 1, 5 ) 0.9285714285714286, 0.07142857142857142;
    ( EPC, TI, No_oficial, 1, 6 ) 0.9459459459459459, 0.05405405405405406;
    ( EPC, TI, Oficial, 0, 0 ) 0.813953488372093, 0.18604651162790697;
    ( EPC, TI, Oficial, 0, 1 ) 0.5657894736842105, 0.4342105263157895;
    ( EPC, TI, Oficial, 0, 2 ) 0.4246575342465753, 0.5753424657534246;
    ( EPC, TI, Oficial, 0, 3 ) 0.448, 0.552;
    ( EPC, TI, Oficial, 0, 4 ) 0.6610169491525424, 0.3389830508474576;
    ( EPC, TI, Oficial, 0, 5 ) 0.972972972972973, 0.02702702702702703;
    ( EPC, TI, Oficial, 0, 6 ) 0.9230769230769231, 0.07692307692307693;
    ( EPC, TI, Oficial, 1, 0 ) 0.7954545454545454, 0.20454545454545456;
    ( EPC, TI, Oficial, 1, 1 ) 0.48314606741573035, 0.5168539325842697;
    ( EPC, TI, Oficial, 1, 2 ) 0.47435897435897434, 0.5256410256410257;
    ( EPC, TI, Oficial, 1, 3 ) 0.4744525547445255, 0.5255474452554745;
    ( EPC, TI, Oficial, 1, 4 ) 0.7777777777777778, 0.2222222222222222;
    ( EPC, TI, Oficial, 1, 5 ) 0.9459459459459459, 0.05405405405405406;
    ( EPC, TI, Oficial, 1, 6 ) 0.9210526315789473, 0.07894736842105263;
    ( EPI, EPC, No_oficial, 0, 0 ) 0.972972972972973, 0.02702702702702703;
    ( EPI, EPC, No_oficial, 0, 1 ) 0.6911764705882353, 0.3088235294117647;
    ( EPI, EPC, No_oficial, 0, 2 ) 0.5845070422535211, 0.4154929577464789;
    ( EPI, EPC, No_oficial, 0, 3 ) 0.5355450236966824, 0.46445497630331756;
    ( EPI, EPC, No_oficial, 0, 4 ) 0.6666666666666666, 0.3333333333333333;
    ( EPI, EPC, No_oficial, 0, 5 ) 0.8142857142857143, 0.18571428571428572;
    ( EPI, EPC, No_oficial, 0, 6 ) 0.9361702127659575, 0.06382978723404255;
    ( EPI, EPC, No_oficial, 1, 0 ) 0.8372093023255814, 0.16279069767441862;
    ( EPI, EPC, No_oficial, 1, 1 ) 0.7878787878787878, 0.21212121212121213;
    ( EPI, EPC, No_oficial, 1, 2 ) 0.6223776223776224, 0.3776223776223776;
    ( EPI, EPC, No_oficial, 1, 3 ) 0.5586854460093896, 0.4413145539906103;
    ( EPI, EPC, No_oficial, 1, 4 ) 0.6524822695035462, 0.3475177304964539;
    ( EPI, EPC, No_oficial, 1, 5 ) 0.8333333333333334, 0.16666666666666666;
    ( EPI, EPC, No_oficial, 1, 6 ) 0.8936170212765957, 0.10638297872340426;
    ( EPI, EPC, Oficial, 0, 0 ) 0.6792452830188679, 0.32075471698113206;
    ( EPI, EPC, Oficial, 0, 1 ) 0.5210084033613446, 0.4789915966386555;
    ( EPI, EPC, Oficial, 0, 2 ) 0.4672897196261682, 0.5327102803738317;
    ( EPI, EPC, Oficial, 0, 3 ) 0.485, 0.515;
    ( EPI, EPC, Oficial, 0, 4 ) 0.6933333333333334, 0.30666666666666664;
    ( EPI, EPC, Oficial, 0, 5 ) 0.8222222222222222, 0.17777777777777778;
    ( EPI, EPC, Oficial, 0, 6 ) 0.9459459459459459, 0.05405405405405406;
    ( EPI, EPC, Oficial, 1, 0 ) 0.6923076923076923, 0.3076923076923077;
    ( EPI, EPC, Oficial, 1, 1 ) 0.4266666666666667, 0.5733333333333334;
    ( EPI, EPC, Oficial, 1, 2 ) 0.40096618357487923, 0.5990338164251208;
    ( EPI, EPC, Oficial, 1, 3 ) 0.4673913043478261, 0.532608695652174;
    ( EPI, EPC, Oficial, 1, 4 ) 0.5903614457831325, 0.40963855421686746;
    ( EPI, EPC, Oficial, 1, 5 ) 0.7916666666666666, 0.20833333333333334;
    ( EPI, EPC, Oficial, 1, 6 ) 0.8974358974358975, 0.10256410256410256;
    ( EPI, EPI, No_oficial, 0, 0 ) 1.0, 0.0;
    ( EPI, EPI, No_oficial, 0, 1 ) 0.7592592592592593, 0.24074074074074073;
    ( EPI, EPI, No_oficial, 0, 2 ) 0.5663716814159292, 0.4336283185840708;
    ( EPI, EPI, No_oficial, 0, 3 ) 0.6012269938650306, 0.3987730061349693;
    ( EPI, EPI, No_oficial, 0, 4 ) 0.6016949152542372, 0.3983050847457627;
    ( EPI, EPI, No_oficial, 0, 5 ) 0.8245614035087719, 0.17543859649122806;
    ( EPI, EPI, No_oficial, 0, 6 ) 0.8809523809523809, 0.11904761904761904;
    ( EPI, EPI, No_oficial, 1, 0 ) 0.9, 0.1;
    ( EPI, EPI, No_oficial, 1, 1 ) 0.7924528301886793, 0.20754716981132076;
    ( EPI, EPI, No_oficial, 1, 2 ) 0.5981308411214953, 0.40186915887850466;
    ( EPI, EPI, No_oficial, 1, 3 ) 0.5542857142857143, 0.44571428571428573;
    ( EPI, EPI, No_oficial, 1, 4 ) 0.6875, 0.3125;
    ( EPI, EPI, No_oficial, 1, 5 ) 0.88, 0.12;
    ( EPI, EPI, No_oficial, 1, 6 ) 0.9047619047619048, 0.09523809523809523;
    ( EPI, EPI, Oficial, 0, 0 ) 0.7037037037037037, 0.2962962962962963;
    ( EPI, EPI, Oficial, 0, 1 ) 0.4744525547445255, 0.5255474452554745;
    ( EPI, EPI, Oficial, 0, 2 ) 0.4336734693877551, 0.5663265306122449;
    ( EPI, EPI, Oficial, 0, 3 ) 0.4574468085106383, 0.5425531914893617;
    ( EPI, EPI, Oficial, 0, 4 ) 0.5833333333333334, 0.4166666666666667;
    ( EPI, EPI, Oficial, 0, 5 ) 0.813953488372093, 0.18604651162790697;
    ( EPI, EPI, Oficial, 0, 6 ) 0.9736842105263158, 0.02631578947368421;
    ( EPI, EPI, Oficial, 1, 0 ) 0.6545454545454545, 0.34545454545454546;
    ( EPI, EPI, Oficial, 1, 1 ) 0.4274193548387097, 0.5725806451612904;
    ( EPI, EPI, Oficial, 1, 2 ) 0.40217391304347827, 0.5978260869565217;
